ID,Nombre,Descripción,Etiquetas,Meta-título,Meta descripción,Enlace-reescrito
1508,Sushi Pack Chaussettes,"<div style=""text-align: center;"">
<p style=""text-align: left;"">Nos vêtements ne rétrécissent pas et les coleurs disparaissent jamais. Nous utilisons des colorants naturels complètement exempt de substances nocives (Oeko-Tex Standard 100 - certification). Chaque vêtement est fait en vertu d'un processus manuel teinté avec des colorants à base d'eau et amicales avec l'environnement . Notre système d'impression est un processus unique qui permet d'imprimer directement sur les fibres des produits afin d'assurer réalisme et durabilité dans les couleurs . Merci à cela, nos vêtements peut être repassé sans perdre les propriétés.</p>
<div style=""text-align: left;""> </div>
<div style=""text-align: left;""> </div>
<br />
<div style=""text-align: left;""><strong>Caractéristiques:</strong></div>
<div style=""text-align: left;""> </div>
<br />
<div>
<ul>
<li style=""text-align: left;"">100% coton premium</li>
<li style=""text-align: left;"">Pré - lavé, toujours garde les propriétés</li>
<li style=""text-align: left;"">Couleurs et Dessins, réalistes</li>
<li style=""text-align: left;"">Colorants à base d'eau</li>
<li style=""text-align: left;"">Libre de substances nocives (Certificación Oeko-Tex Standard 100)</li>
<li style=""text-align: left;"">Respectueux avec la durabilité environnementale</li>
</ul>
</div>
</div>
<p> </p>
<div style=""text-align: center;""> </div>",,Sushi Pack Chaussettes,"Vêtements full-printing imprimés en 3D. T-shirts, sweatshirts, chaussettes, débardeur, accessoires et bien plus encore. Tous imprimés sur coton 100% avec des dessins hyperréalistes.",sushi-pack-chaussettes
1509,Spicy Chili Chaussettes,"<div style=""text-align: center;"">
<p style=""text-align: left;"">Nos vêtements ne rétrécissent pas et les coleurs disparaissent jamais. Nous utilisons des colorants naturels complètement exempt de substances nocives (Oeko-Tex Standard 100 - certification). Chaque vêtement est fait en vertu d'un processus manuel teinté avec des colorants à base d'eau et amicales avec l'environnement . Notre système d'impression est un processus unique qui permet d'imprimer directement sur les fibres des produits afin d'assurer réalisme et durabilité dans les couleurs . Merci à cela, nos vêtements peut être repassé sans perdre les propriétés.</p>
<div style=""text-align: left;""> </div>
<div style=""text-align: left;""> </div>
<br />
<div style=""text-align: left;""><strong>Caractéristiques:</strong></div>
<div style=""text-align: left;""> </div>
<br />
<div>
<ul>
<li style=""text-align: left;"">100% coton premium</li>
<li style=""text-align: left;"">Pré - lavé, toujours garde les propriétés</li>
<li style=""text-align: left;"">Couleurs et Dessins, réalistes</li>
<li style=""text-align: left;"">Colorants à base d'eau</li>
<li style=""text-align: left;"">Libre de substances nocives (Certificación Oeko-Tex Standard 100)</li>
<li style=""text-align: left;"">Respectueux avec la durabilité environnementale</li>
</ul>
</div>
</div>
<p> </p>
<div style=""text-align: center;""> </div>",,Spicy Chili Chaussettes,"Vêtements full-printing imprimés en 3D. T-shirts, sweatshirts, chaussettes, débardeur, accessoires et bien plus encore. Tous imprimés sur coton 100% avec des dessins hyperréalistes.",spicy-chili-chaussettes
1510,Old News Papper Chaussettes,"<div style=""text-align: center;"">
<p style=""text-align: left;"">Nos vêtements ne rétrécissent pas et les coleurs disparaissent jamais. Nous utilisons des colorants naturels complètement exempt de substances nocives (Oeko-Tex Standard 100 - certification). Chaque vêtement est fait en vertu d'un processus manuel teinté avec des colorants à base d'eau et amicales avec l'environnement . Notre système d'impression est un processus unique qui permet d'imprimer directement sur les fibres des produits afin d'assurer réalisme et durabilité dans les couleurs . Merci à cela, nos vêtements peut être repassé sans perdre les propriétés.</p>
<div style=""text-align: left;""> </div>
<div style=""text-align: left;""> </div>
<br />
<div style=""text-align: left;""><strong>Caractéristiques:</strong></div>
<div style=""text-align: left;""> </div>
<br />
<div>
<ul>
<li style=""text-align: left;"">100% coton premium</li>
<li style=""text-align: left;"">Pré - lavé, toujours garde les propriétés</li>
<li style=""text-align: left;"">Couleurs et Dessins, réalistes</li>
<li style=""text-align: left;"">Colorants à base d'eau</li>
<li style=""text-align: left;"">Libre de substances nocives (Certificación Oeko-Tex Standard 100)</li>
<li style=""text-align: left;"">Respectueux avec la durabilité environnementale</li>
</ul>
</div>
</div>
<p> </p>
<div style=""text-align: center;""> </div>",,Old News Papper Chaussettes,"Vêtements full-printing imprimés en 3D. T-shirts, sweatshirts, chaussettes, débardeur, accessoires et bien plus encore. Tous imprimés sur coton 100% avec des dessins hyperréalistes.",old-news-papper-chaussettes
1511,Vintage Mapamundi Chaussettes,"<div style=""text-align: center;"">
<p style=""text-align: left;"">Nos vêtements ne rétrécissent pas et les coleurs disparaissent jamais. Nous utilisons des colorants naturels complètement exempt de substances nocives (Oeko-Tex Standard 100 - certification). Chaque vêtement est fait en vertu d'un processus manuel teinté avec des colorants à base d'eau et amicales avec l'environnement . Notre système d'impression est un processus unique qui permet d'imprimer directement sur les fibres des produits afin d'assurer réalisme et durabilité dans les couleurs . Merci à cela, nos vêtements peut être repassé sans perdre les propriétés.</p>
<div style=""text-align: left;""> </div>
<div style=""text-align: left;""> </div>
<br />
<div style=""text-align: left;""><strong>Caractéristiques:</strong></div>
<div style=""text-align: left;""> </div>
<br />
<div>
<ul>
<li style=""text-align: left;"">100% coton premium</li>
<li style=""text-align: left;"">Pré - lavé, toujours garde les propriétés</li>
<li style=""text-align: left;"">Couleurs et Dessins, réalistes</li>
<li style=""text-align: left;"">Colorants à base d'eau</li>
<li style=""text-align: left;"">Libre de substances nocives (Certificación Oeko-Tex Standard 100)</li>
<li style=""text-align: left;"">Respectueux avec la durabilité environnementale</li>
</ul>
</div>
</div>
<p> </p>
<div style=""text-align: center;""> </div>",,Vintage Mapamundi Chaussettes,"Vêtements full-printing imprimés en 3D. T-shirts, sweatshirts, chaussettes, débardeur, accessoires et bien plus encore. Tous imprimés sur coton 100% avec des dessins hyperréalistes.",vintage-mapamundi-chaussettes
1512,Alphabet Chaussettes,"<div style=""text-align: center;"">
<p style=""text-align: left;"">Nos vêtements ne rétrécissent pas et les coleurs disparaissent jamais. Nous utilisons des colorants naturels complètement exempt de substances nocives (Oeko-Tex Standard 100 - certification). Chaque vêtement est fait en vertu d'un processus manuel teinté avec des colorants à base d'eau et amicales avec l'environnement . Notre système d'impression est un processus unique qui permet d'imprimer directement sur les fibres des produits afin d'assurer réalisme et durabilité dans les couleurs . Merci à cela, nos vêtements peut être repassé sans perdre les propriétés.</p>
<div style=""text-align: left;""> </div>
<div style=""text-align: left;""> </div>
<br />
<div style=""text-align: left;""><strong>Caractéristiques:</strong></div>
<div style=""text-align: left;""> </div>
<br />
<div>
<ul>
<li style=""text-align: left;"">100% coton premium</li>
<li style=""text-align: left;"">Pré - lavé, toujours garde les propriétés</li>
<li style=""text-align: left;"">Couleurs et Dessins, réalistes</li>
<li style=""text-align: left;"">Colorants à base d'eau</li>
<li style=""text-align: left;"">Libre de substances nocives (Certificación Oeko-Tex Standard 100)</li>
<li style=""text-align: left;"">Respectueux avec la durabilité environnementale</li>
</ul>
</div>
</div>
<p> </p>
<div style=""text-align: center;""> </div>",,Alphabet Chaussettes,"Vêtements full-printing imprimés en 3D. T-shirts, sweatshirts, chaussettes, débardeur, accessoires et bien plus encore. Tous imprimés sur coton 100% avec des dessins hyperréalistes.",alphabet-chaussettes
1513,Lego Texture Chaussettes,"<div style=""text-align: center;"">
<p style=""text-align: left;"">Nos vêtements ne rétrécissent pas et les coleurs disparaissent jamais. Nous utilisons des colorants naturels complètement exempt de substances nocives (Oeko-Tex Standard 100 - certification). Chaque vêtement est fait en vertu d'un processus manuel teinté avec des colorants à base d'eau et amicales avec l'environnement . Notre système d'impression est un processus unique qui permet d'imprimer directement sur les fibres des produits afin d'assurer réalisme et durabilité dans les couleurs . Merci à cela, nos vêtements peut être repassé sans perdre les propriétés.</p>
<div style=""text-align: left;""> </div>
<div style=""text-align: left;""> </div>
<br />
<div style=""text-align: left;""><strong>Caractéristiques:</strong></div>
<div style=""text-align: left;""> </div>
<br />
<div>
<ul>
<li style=""text-align: left;"">100% coton premium</li>
<li style=""text-align: left;"">Pré - lavé, toujours garde les propriétés</li>
<li style=""text-align: left;"">Couleurs et Dessins, réalistes</li>
<li style=""text-align: left;"">Colorants à base d'eau</li>
<li style=""text-align: left;"">Libre de substances nocives (Certificación Oeko-Tex Standard 100)</li>
<li style=""text-align: left;"">Respectueux avec la durabilité environnementale</li>
</ul>
</div>
</div>
<p> </p>
<div style=""text-align: center;""> </div>",,Lego Texture Chaussettes,"Vêtements full-printing imprimés en 3D. T-shirts, sweatshirts, chaussettes, débardeur, accessoires et bien plus encore. Tous imprimés sur coton 100% avec des dessins hyperréalistes.",lego-texture-chaussettes
1514,Mini Toons Chaussettes,"<div style=""text-align: center;"">
<p style=""text-align: left;"">Nos vêtements ne rétrécissent pas et les coleurs disparaissent jamais. Nous utilisons des colorants naturels complètement exempt de substances nocives (Oeko-Tex Standard 100 - certification). Chaque vêtement est fait en vertu d'un processus manuel teinté avec des colorants à base d'eau et amicales avec l'environnement . Notre système d'impression est un processus unique qui permet d'imprimer directement sur les fibres des produits afin d'assurer réalisme et durabilité dans les couleurs . Merci à cela, nos vêtements peut être repassé sans perdre les propriétés.</p>
<div style=""text-align: left;""> </div>
<div style=""text-align: left;""> </div>
<br />
<div style=""text-align: left;""><strong>Caractéristiques:</strong></div>
<div style=""text-align: left;""> </div>
<br />
<div>
<ul>
<li style=""text-align: left;"">100% coton premium</li>
<li style=""text-align: left;"">Pré - lavé, toujours garde les propriétés</li>
<li style=""text-align: left;"">Couleurs et Dessins, réalistes</li>
<li style=""text-align: left;"">Colorants à base d'eau</li>
<li style=""text-align: left;"">Libre de substances nocives (Certificación Oeko-Tex Standard 100)</li>
<li style=""text-align: left;"">Respectueux avec la durabilité environnementale</li>
</ul>
</div>
</div>
<p> </p>
<div style=""text-align: center;""> </div>",,Mini Toons Chaussettes,"Vêtements full-printing imprimés en 3D. T-shirts, sweatshirts, chaussettes, débardeur, accessoires et bien plus encore. Tous imprimés sur coton 100% avec des dessins hyperréalistes.",mini-toons-chaussettes
1515,Sweet Cupcakes Chaussettes,"<div style=""text-align: center;"">
<p style=""text-align: left;"">Nos vêtements ne rétrécissent pas et les coleurs disparaissent jamais. Nous utilisons des colorants naturels complètement exempt de substances nocives (Oeko-Tex Standard 100 - certification). Chaque vêtement est fait en vertu d'un processus manuel teinté avec des colorants à base d'eau et amicales avec l'environnement . Notre système d'impression est un processus unique qui permet d'imprimer directement sur les fibres des produits afin d'assurer réalisme et durabilité dans les couleurs . Merci à cela, nos vêtements peut être repassé sans perdre les propriétés.</p>
<div style=""text-align: left;""> </div>
<div style=""text-align: left;""> </div>
<br />
<div style=""text-align: left;""><strong>Caractéristiques:</strong></div>
<div style=""text-align: left;""> </div>
<br />
<div>
<ul>
<li style=""text-align: left;"">100% coton premium</li>
<li style=""text-align: left;"">Pré - lavé, toujours garde les propriétés</li>
<li style=""text-align: left;"">Couleurs et Dessins, réalistes</li>
<li style=""text-align: left;"">Colorants à base d'eau</li>
<li style=""text-align: left;"">Libre de substances nocives (Certificación Oeko-Tex Standard 100)</li>
<li style=""text-align: left;"">Respectueux avec la durabilité environnementale</li>
</ul>
</div>
</div>
<p> </p>
<div style=""text-align: center;""> </div>",,Sweet Cupcakes Chaussettes,"Vêtements full-printing imprimés en 3D. T-shirts, sweatshirts, chaussettes, débardeur, accessoires et bien plus encore. Tous imprimés sur coton 100% avec des dessins hyperréalistes.",sweet-cupcakes-chaussettes
1516,Blue Marine Chaussettes,"<div style=""text-align: center;"">
<p style=""text-align: left;"">Nos vêtements ne rétrécissent pas et les coleurs disparaissent jamais. Nous utilisons des colorants naturels complètement exempt de substances nocives (Oeko-Tex Standard 100 - certification). Chaque vêtement est fait en vertu d'un processus manuel teinté avec des colorants à base d'eau et amicales avec l'environnement . Notre système d'impression est un processus unique qui permet d'imprimer directement sur les fibres des produits afin d'assurer réalisme et durabilité dans les couleurs . Merci à cela, nos vêtements peut être repassé sans perdre les propriétés.</p>
<div style=""text-align: left;""> </div>
<div style=""text-align: left;""> </div>
<br />
<div style=""text-align: left;""><strong>Caractéristiques:</strong></div>
<div style=""text-align: left;""> </div>
<br />
<div>
<ul>
<li style=""text-align: left;"">100% coton premium</li>
<li style=""text-align: left;"">Pré - lavé, toujours garde les propriétés</li>
<li style=""text-align: left;"">Couleurs et Dessins, réalistes</li>
<li style=""text-align: left;"">Colorants à base d'eau</li>
<li style=""text-align: left;"">Libre de substances nocives (Certificación Oeko-Tex Standard 100)</li>
<li style=""text-align: left;"">Respectueux avec la durabilité environnementale</li>
</ul>
</div>
</div>
<p> </p>
<div style=""text-align: center;""> </div>",,Blue Marine Chaussettes,"Vêtements full-printing imprimés en 3D. T-shirts, sweatshirts, chaussettes, débardeur, accessoires et bien plus encore. Tous imprimés sur coton 100% avec des dessins hyperréalistes.",blue-marine-chaussettes
1517,Crafty Chaussettes,"<div style=""text-align: center;"">
<p style=""text-align: left;"">Nos vêtements ne rétrécissent pas et les coleurs disparaissent jamais. Nous utilisons des colorants naturels complètement exempt de substances nocives (Oeko-Tex Standard 100 - certification). Chaque vêtement est fait en vertu d'un processus manuel teinté avec des colorants à base d'eau et amicales avec l'environnement . Notre système d'impression est un processus unique qui permet d'imprimer directement sur les fibres des produits afin d'assurer réalisme et durabilité dans les couleurs . Merci à cela, nos vêtements peut être repassé sans perdre les propriétés.</p>
<div style=""text-align: left;""> </div>
<div style=""text-align: left;""> </div>
<br />
<div style=""text-align: left;""><strong>Caractéristiques:</strong></div>
<div style=""text-align: left;""> </div>
<br />
<div>
<ul>
<li style=""text-align: left;"">100% coton premium</li>
<li style=""text-align: left;"">Pré - lavé, toujours garde les propriétés</li>
<li style=""text-align: left;"">Couleurs et Dessins, réalistes</li>
<li style=""text-align: left;"">Colorants à base d'eau</li>
<li style=""text-align: left;"">Libre de substances nocives (Certificación Oeko-Tex Standard 100)</li>
<li style=""text-align: left;"">Respectueux avec la durabilité environnementale</li>
</ul>
</div>
</div>
<p> </p>
<div style=""text-align: center;""> </div>",,Crafty Chaussettes,"Vêtements full-printing imprimés en 3D. T-shirts, sweatshirts, chaussettes, débardeur, accessoires et bien plus encore. Tous imprimés sur coton 100% avec des dessins hyperréalistes.",crafty-chaussettes
1518,Sky Art Chaussettes,"<div style=""text-align: center;"">
<p style=""text-align: left;"">Nos vêtements ne rétrécissent pas et les coleurs disparaissent jamais. Nous utilisons des colorants naturels complètement exempt de substances nocives (Oeko-Tex Standard 100 - certification). Chaque vêtement est fait en vertu d'un processus manuel teinté avec des colorants à base d'eau et amicales avec l'environnement . Notre système d'impression est un processus unique qui permet d'imprimer directement sur les fibres des produits afin d'assurer réalisme et durabilité dans les couleurs . Merci à cela, nos vêtements peut être repassé sans perdre les propriétés.</p>
<div style=""text-align: left;""> </div>
<div style=""text-align: left;""> </div>
<br />
<div style=""text-align: left;""><strong>Caractéristiques:</strong></div>
<div style=""text-align: left;""> </div>
<br />
<div>
<ul>
<li style=""text-align: left;"">100% coton premium</li>
<li style=""text-align: left;"">Pré - lavé, toujours garde les propriétés</li>
<li style=""text-align: left;"">Couleurs et Dessins, réalistes</li>
<li style=""text-align: left;"">Colorants à base d'eau</li>
<li style=""text-align: left;"">Libre de substances nocives (Certificación Oeko-Tex Standard 100)</li>
<li style=""text-align: left;"">Respectueux avec la durabilité environnementale</li>
</ul>
</div>
</div>
<p> </p>
<div style=""text-align: center;""> </div>",,Sky Art Chaussettes,"Vêtements full-printing imprimés en 3D. T-shirts, sweatshirts, chaussettes, débardeur, accessoires et bien plus encore. Tous imprimés sur coton 100% avec des dessins hyperréalistes.",sky-art-chaussettes
1519,Geometric Fox Chaussettes,"<div style=""text-align: center;"">
<p style=""text-align: left;"">Nos vêtements ne rétrécissent pas et les coleurs disparaissent jamais. Nous utilisons des colorants naturels complètement exempt de substances nocives (Oeko-Tex Standard 100 - certification). Chaque vêtement est fait en vertu d'un processus manuel teinté avec des colorants à base d'eau et amicales avec l'environnement . Notre système d'impression est un processus unique qui permet d'imprimer directement sur les fibres des produits afin d'assurer réalisme et durabilité dans les couleurs . Merci à cela, nos vêtements peut être repassé sans perdre les propriétés.</p>
<div style=""text-align: left;""> </div>
<div style=""text-align: left;""> </div>
<br />
<div style=""text-align: left;""><strong>Caractéristiques:</strong></div>
<div style=""text-align: left;""> </div>
<br />
<div>
<ul>
<li style=""text-align: left;"">100% coton premium</li>
<li style=""text-align: left;"">Pré - lavé, toujours garde les propriétés</li>
<li style=""text-align: left;"">Couleurs et Dessins, réalistes</li>
<li style=""text-align: left;"">Colorants à base d'eau</li>
<li style=""text-align: left;"">Libre de substances nocives (Certificación Oeko-Tex Standard 100)</li>
<li style=""text-align: left;"">Respectueux avec la durabilité environnementale</li>
</ul>
</div>
</div>
<p> </p>
<div style=""text-align: center;""> </div>",,Geometric Fox Chaussettes,"Vêtements full-printing imprimés en 3D. T-shirts, sweatshirts, chaussettes, débardeur, accessoires et bien plus encore. Tous imprimés sur coton 100% avec des dessins hyperréalistes.",geometric-fox-chaussettes
1520,Sweet Grapes Chaussettes,"<div style=""text-align: center;"">
<p style=""text-align: left;"">Nos vêtements ne rétrécissent pas et les coleurs disparaissent jamais. Nous utilisons des colorants naturels complètement exempt de substances nocives (Oeko-Tex Standard 100 - certification). Chaque vêtement est fait en vertu d'un processus manuel teinté avec des colorants à base d'eau et amicales avec l'environnement . Notre système d'impression est un processus unique qui permet d'imprimer directement sur les fibres des produits afin d'assurer réalisme et durabilité dans les couleurs . Merci à cela, nos vêtements peut être repassé sans perdre les propriétés.</p>
<div style=""text-align: left;""> </div>
<div style=""text-align: left;""> </div>
<br />
<div style=""text-align: left;""><strong>Caractéristiques:</strong></div>
<div style=""text-align: left;""> </div>
<br />
<div>
<ul>
<li style=""text-align: left;"">100% coton premium</li>
<li style=""text-align: left;"">Pré - lavé, toujours garde les propriétés</li>
<li style=""text-align: left;"">Couleurs et Dessins, réalistes</li>
<li style=""text-align: left;"">Colorants à base d'eau</li>
<li style=""text-align: left;"">Libre de substances nocives (Certificación Oeko-Tex Standard 100)</li>
<li style=""text-align: left;"">Respectueux avec la durabilité environnementale</li>
</ul>
</div>
</div>
<p> </p>
<div style=""text-align: center;""> </div>",,Sweet Grapes Chaussettes,"Vêtements full-printing imprimés en 3D. T-shirts, sweatshirts, chaussettes, débardeur, accessoires et bien plus encore. Tous imprimés sur coton 100% avec des dessins hyperréalistes.",sweet-grapes-chaussettes
1521,Italian Dashboard Chaussettes,"<div style=""text-align: center;"">
<p style=""text-align: left;"">Nos vêtements ne rétrécissent pas et les coleurs disparaissent jamais. Nous utilisons des colorants naturels complètement exempt de substances nocives (Oeko-Tex Standard 100 - certification). Chaque vêtement est fait en vertu d'un processus manuel teinté avec des colorants à base d'eau et amicales avec l'environnement . Notre système d'impression est un processus unique qui permet d'imprimer directement sur les fibres des produits afin d'assurer réalisme et durabilité dans les couleurs . Merci à cela, nos vêtements peut être repassé sans perdre les propriétés.</p>
<div style=""text-align: left;""> </div>
<div style=""text-align: left;""> </div>
<br />
<div style=""text-align: left;""><strong>Caractéristiques:</strong></div>
<div style=""text-align: left;""> </div>
<br />
<div>
<ul>
<li style=""text-align: left;"">100% coton premium</li>
<li style=""text-align: left;"">Pré - lavé, toujours garde les propriétés</li>
<li style=""text-align: left;"">Couleurs et Dessins, réalistes</li>
<li style=""text-align: left;"">Colorants à base d'eau</li>
<li style=""text-align: left;"">Libre de substances nocives (Certificación Oeko-Tex Standard 100)</li>
<li style=""text-align: left;"">Respectueux avec la durabilité environnementale</li>
</ul>
</div>
</div>
<p> </p>
<div style=""text-align: center;""> </div>",,Italian Dashboard Chaussettes,"Vêtements full-printing imprimés en 3D. T-shirts, sweatshirts, chaussettes, débardeur, accessoires et bien plus encore. Tous imprimés sur coton 100% avec des dessins hyperréalistes.",italian-dashboard-chaussettes
1522,Pasta Toons Chaussettes,"<div style=""text-align: center;"">
<p style=""text-align: left;"">Nos vêtements ne rétrécissent pas et les coleurs disparaissent jamais. Nous utilisons des colorants naturels complètement exempt de substances nocives (Oeko-Tex Standard 100 - certification). Chaque vêtement est fait en vertu d'un processus manuel teinté avec des colorants à base d'eau et amicales avec l'environnement . Notre système d'impression est un processus unique qui permet d'imprimer directement sur les fibres des produits afin d'assurer réalisme et durabilité dans les couleurs . Merci à cela, nos vêtements peut être repassé sans perdre les propriétés.</p>
<div style=""text-align: left;""> </div>
<div style=""text-align: left;""> </div>
<br />
<div style=""text-align: left;""><strong>Caractéristiques:</strong></div>
<div style=""text-align: left;""> </div>
<br />
<div>
<ul>
<li style=""text-align: left;"">100% coton premium</li>
<li style=""text-align: left;"">Pré - lavé, toujours garde les propriétés</li>
<li style=""text-align: left;"">Couleurs et Dessins, réalistes</li>
<li style=""text-align: left;"">Colorants à base d'eau</li>
<li style=""text-align: left;"">Libre de substances nocives (Certificación Oeko-Tex Standard 100)</li>
<li style=""text-align: left;"">Respectueux avec la durabilité environnementale</li>
</ul>
</div>
</div>
<p> </p>
<div style=""text-align: center;""> </div>",,Pasta Toons Chaussettes,"Vêtements full-printing imprimés en 3D. T-shirts, sweatshirts, chaussettes, débardeur, accessoires et bien plus encore. Tous imprimés sur coton 100% avec des dessins hyperréalistes.",pasta-toons-chaussettes
1523,Florida Mood Chaussettes,"<div style=""text-align: center;"">
<p style=""text-align: left;"">Nos vêtements ne rétrécissent pas et les coleurs disparaissent jamais. Nous utilisons des colorants naturels complètement exempt de substances nocives (Oeko-Tex Standard 100 - certification). Chaque vêtement est fait en vertu d'un processus manuel teinté avec des colorants à base d'eau et amicales avec l'environnement . Notre système d'impression est un processus unique qui permet d'imprimer directement sur les fibres des produits afin d'assurer réalisme et durabilité dans les couleurs . Merci à cela, nos vêtements peut être repassé sans perdre les propriétés.</p>
<div style=""text-align: left;""> </div>
<div style=""text-align: left;""> </div>
<br />
<div style=""text-align: left;""><strong>Caractéristiques:</strong></div>
<div style=""text-align: left;""> </div>
<br />
<div>
<ul>
<li style=""text-align: left;"">100% coton premium</li>
<li style=""text-align: left;"">Pré - lavé, toujours garde les propriétés</li>
<li style=""text-align: left;"">Couleurs et Dessins, réalistes</li>
<li style=""text-align: left;"">Colorants à base d'eau</li>
<li style=""text-align: left;"">Libre de substances nocives (Certificación Oeko-Tex Standard 100)</li>
<li style=""text-align: left;"">Respectueux avec la durabilité environnementale</li>
</ul>
</div>
</div>
<p> </p>
<div style=""text-align: center;""> </div>",,Florida Mood Chaussettes,"Vêtements full-printing imprimés en 3D. T-shirts, sweatshirts, chaussettes, débardeur, accessoires et bien plus encore. Tous imprimés sur coton 100% avec des dessins hyperréalistes.",florida-mood-chaussettes
1524,Fall Tree Chaussettes,"<div style=""text-align: center;"">
<p style=""text-align: left;"">Nos vêtements ne rétrécissent pas et les coleurs disparaissent jamais. Nous utilisons des colorants naturels complètement exempt de substances nocives (Oeko-Tex Standard 100 - certification). Chaque vêtement est fait en vertu d'un processus manuel teinté avec des colorants à base d'eau et amicales avec l'environnement . Notre système d'impression est un processus unique qui permet d'imprimer directement sur les fibres des produits afin d'assurer réalisme et durabilité dans les couleurs . Merci à cela, nos vêtements peut être repassé sans perdre les propriétés.</p>
<div style=""text-align: left;""> </div>
<div style=""text-align: left;""> </div>
<br />
<div style=""text-align: left;""><strong>Caractéristiques:</strong></div>
<div style=""text-align: left;""> </div>
<br />
<div>
<ul>
<li style=""text-align: left;"">100% coton premium</li>
<li style=""text-align: left;"">Pré - lavé, toujours garde les propriétés</li>
<li style=""text-align: left;"">Couleurs et Dessins, réalistes</li>
<li style=""text-align: left;"">Colorants à base d'eau</li>
<li style=""text-align: left;"">Libre de substances nocives (Certificación Oeko-Tex Standard 100)</li>
<li style=""text-align: left;"">Respectueux avec la durabilité environnementale</li>
</ul>
</div>
</div>
<p> </p>
<div style=""text-align: center;""> </div>",,Fall Tree Chaussettes,"Vêtements full-printing imprimés en 3D. T-shirts, sweatshirts, chaussettes, débardeur, accessoires et bien plus encore. Tous imprimés sur coton 100% avec des dessins hyperréalistes.",fall-tree-chaussettes
1525,Fast Food Chaussettes,"<div style=""text-align: center;"">
<p style=""text-align: left;"">Nos vêtements ne rétrécissent pas et les coleurs disparaissent jamais. Nous utilisons des colorants naturels complètement exempt de substances nocives (Oeko-Tex Standard 100 - certification). Chaque vêtement est fait en vertu d'un processus manuel teinté avec des colorants à base d'eau et amicales avec l'environnement . Notre système d'impression est un processus unique qui permet d'imprimer directement sur les fibres des produits afin d'assurer réalisme et durabilité dans les couleurs . Merci à cela, nos vêtements peut être repassé sans perdre les propriétés.</p>
<div style=""text-align: left;""> </div>
<div style=""text-align: left;""> </div>
<br />
<div style=""text-align: left;""><strong>Caractéristiques:</strong></div>
<div style=""text-align: left;""> </div>
<br />
<div>
<ul>
<li style=""text-align: left;"">100% coton premium</li>
<li style=""text-align: left;"">Pré - lavé, toujours garde les propriétés</li>
<li style=""text-align: left;"">Couleurs et Dessins, réalistes</li>
<li style=""text-align: left;"">Colorants à base d'eau</li>
<li style=""text-align: left;"">Libre de substances nocives (Certificación Oeko-Tex Standard 100)</li>
<li style=""text-align: left;"">Respectueux avec la durabilité environnementale</li>
</ul>
</div>
</div>
<p> </p>
<div style=""text-align: center;""> </div>",,Fast Food Chaussettes,"Vêtements full-printing imprimés en 3D. T-shirts, sweatshirts, chaussettes, débardeur, accessoires et bien plus encore. Tous imprimés sur coton 100% avec des dessins hyperréalistes.",fast-food-chaussettes
1526,Dinosaurs Chaussettes,"<div style=""text-align: center;"">
<p style=""text-align: left;"">Nos vêtements ne rétrécissent pas et les coleurs disparaissent jamais. Nous utilisons des colorants naturels complètement exempt de substances nocives (Oeko-Tex Standard 100 - certification). Chaque vêtement est fait en vertu d'un processus manuel teinté avec des colorants à base d'eau et amicales avec l'environnement . Notre système d'impression est un processus unique qui permet d'imprimer directement sur les fibres des produits afin d'assurer réalisme et durabilité dans les couleurs . Merci à cela, nos vêtements peut être repassé sans perdre les propriétés.</p>
<div style=""text-align: left;""> </div>
<div style=""text-align: left;""> </div>
<br />
<div style=""text-align: left;""><strong>Caractéristiques:</strong></div>
<div style=""text-align: left;""> </div>
<br />
<div>
<ul>
<li style=""text-align: left;"">100% coton premium</li>
<li style=""text-align: left;"">Pré - lavé, toujours garde les propriétés</li>
<li style=""text-align: left;"">Couleurs et Dessins, réalistes</li>
<li style=""text-align: left;"">Colorants à base d'eau</li>
<li style=""text-align: left;"">Libre de substances nocives (Certificación Oeko-Tex Standard 100)</li>
<li style=""text-align: left;"">Respectueux avec la durabilité environnementale</li>
</ul>
</div>
</div>
<p> </p>
<div style=""text-align: center;""> </div>",,Dinosaurs Chaussettes,"Vêtements full-printing imprimés en 3D. T-shirts, sweatshirts, chaussettes, débardeur, accessoires et bien plus encore. Tous imprimés sur coton 100% avec des dessins hyperréalistes.",dinosaurs-chaussettes
1527,90s Fishes Chaussettes,"<div style=""text-align: center;"">
<p style=""text-align: left;"">Nos vêtements ne rétrécissent pas et les coleurs disparaissent jamais. Nous utilisons des colorants naturels complètement exempt de substances nocives (Oeko-Tex Standard 100 - certification). Chaque vêtement est fait en vertu d'un processus manuel teinté avec des colorants à base d'eau et amicales avec l'environnement . Notre système d'impression est un processus unique qui permet d'imprimer directement sur les fibres des produits afin d'assurer réalisme et durabilité dans les couleurs . Merci à cela, nos vêtements peut être repassé sans perdre les propriétés.</p>
<div style=""text-align: left;""> </div>
<div style=""text-align: left;""> </div>
<br />
<div style=""text-align: left;""><strong>Caractéristiques:</strong></div>
<div style=""text-align: left;""> </div>
<br />
<div>
<ul>
<li style=""text-align: left;"">100% coton premium</li>
<li style=""text-align: left;"">Pré - lavé, toujours garde les propriétés</li>
<li style=""text-align: left;"">Couleurs et Dessins, réalistes</li>
<li style=""text-align: left;"">Colorants à base d'eau</li>
<li style=""text-align: left;"">Libre de substances nocives (Certificación Oeko-Tex Standard 100)</li>
<li style=""text-align: left;"">Respectueux avec la durabilité environnementale</li>
</ul>
</div>
</div>
<p> </p>
<div style=""text-align: center;""> </div>",,90s Fishes Chaussettes,"Vêtements full-printing imprimés en 3D. T-shirts, sweatshirts, chaussettes, débardeur, accessoires et bien plus encore. Tous imprimés sur coton 100% avec des dessins hyperréalistes.",90s-fishes-chaussettes
1528,Colorado Fishes Chaussettes,"<div style=""text-align: center;"">
<p style=""text-align: left;"">Nos vêtements ne rétrécissent pas et les coleurs disparaissent jamais. Nous utilisons des colorants naturels complètement exempt de substances nocives (Oeko-Tex Standard 100 - certification). Chaque vêtement est fait en vertu d'un processus manuel teinté avec des colorants à base d'eau et amicales avec l'environnement . Notre système d'impression est un processus unique qui permet d'imprimer directement sur les fibres des produits afin d'assurer réalisme et durabilité dans les couleurs . Merci à cela, nos vêtements peut être repassé sans perdre les propriétés.</p>
<div style=""text-align: left;""> </div>
<div style=""text-align: left;""> </div>
<br />
<div style=""text-align: left;""><strong>Caractéristiques:</strong></div>
<div style=""text-align: left;""> </div>
<br />
<div>
<ul>
<li style=""text-align: left;"">100% coton premium</li>
<li style=""text-align: left;"">Pré - lavé, toujours garde les propriétés</li>
<li style=""text-align: left;"">Couleurs et Dessins, réalistes</li>
<li style=""text-align: left;"">Colorants à base d'eau</li>
<li style=""text-align: left;"">Libre de substances nocives (Certificación Oeko-Tex Standard 100)</li>
<li style=""text-align: left;"">Respectueux avec la durabilité environnementale</li>
</ul>
</div>
</div>
<p> </p>
<div style=""text-align: center;""> </div>",,Colorado Fishes Chaussettes,"Vêtements full-printing imprimés en 3D. T-shirts, sweatshirts, chaussettes, débardeur, accessoires et bien plus encore. Tous imprimés sur coton 100% avec des dessins hyperréalistes.",colorado-fishes-chaussettes
1529,Bahamas Chaussettes,"<div style=""text-align: center;"">
<p style=""text-align: left;"">Nos vêtements ne rétrécissent pas et les coleurs disparaissent jamais. Nous utilisons des colorants naturels complètement exempt de substances nocives (Oeko-Tex Standard 100 - certification). Chaque vêtement est fait en vertu d'un processus manuel teinté avec des colorants à base d'eau et amicales avec l'environnement . Notre système d'impression est un processus unique qui permet d'imprimer directement sur les fibres des produits afin d'assurer réalisme et durabilité dans les couleurs . Merci à cela, nos vêtements peut être repassé sans perdre les propriétés.</p>
<div style=""text-align: left;""> </div>
<div style=""text-align: left;""> </div>
<br />
<div style=""text-align: left;""><strong>Caractéristiques:</strong></div>
<div style=""text-align: left;""> </div>
<br />
<div>
<ul>
<li style=""text-align: left;"">100% coton premium</li>
<li style=""text-align: left;"">Pré - lavé, toujours garde les propriétés</li>
<li style=""text-align: left;"">Couleurs et Dessins, réalistes</li>
<li style=""text-align: left;"">Colorants à base d'eau</li>
<li style=""text-align: left;"">Libre de substances nocives (Certificación Oeko-Tex Standard 100)</li>
<li style=""text-align: left;"">Respectueux avec la durabilité environnementale</li>
</ul>
</div>
</div>
<p> </p>
<div style=""text-align: center;""> </div>",,Bahamas Chaussettes,"Vêtements full-printing imprimés en 3D. T-shirts, sweatshirts, chaussettes, débardeur, accessoires et bien plus encore. Tous imprimés sur coton 100% avec des dessins hyperréalistes.",bahamas-chaussettes
1530,Soda Dispenser Chaussettes,"<div style=""text-align: center;"">
<p style=""text-align: left;"">Nos vêtements ne rétrécissent pas et les coleurs disparaissent jamais. Nous utilisons des colorants naturels complètement exempt de substances nocives (Oeko-Tex Standard 100 - certification). Chaque vêtement est fait en vertu d'un processus manuel teinté avec des colorants à base d'eau et amicales avec l'environnement . Notre système d'impression est un processus unique qui permet d'imprimer directement sur les fibres des produits afin d'assurer réalisme et durabilité dans les couleurs . Merci à cela, nos vêtements peut être repassé sans perdre les propriétés.</p>
<div style=""text-align: left;""> </div>
<div style=""text-align: left;""> </div>
<br />
<div style=""text-align: left;""><strong>Caractéristiques:</strong></div>
<div style=""text-align: left;""> </div>
<br />
<div>
<ul>
<li style=""text-align: left;"">100% coton premium</li>
<li style=""text-align: left;"">Pré - lavé, toujours garde les propriétés</li>
<li style=""text-align: left;"">Couleurs et Dessins, réalistes</li>
<li style=""text-align: left;"">Colorants à base d'eau</li>
<li style=""text-align: left;"">Libre de substances nocives (Certificación Oeko-Tex Standard 100)</li>
<li style=""text-align: left;"">Respectueux avec la durabilité environnementale</li>
</ul>
</div>
</div>
<p> </p>
<div style=""text-align: center;""> </div>",,Soda Dispenser Chaussettes,"Vêtements full-printing imprimés en 3D. T-shirts, sweatshirts, chaussettes, débardeur, accessoires et bien plus encore. Tous imprimés sur coton 100% avec des dessins hyperréalistes.",soda-dispenser-chaussettes
1531,Spaghetti Chaussettes,"<div style=""text-align: center;"">
<p style=""text-align: left;"">Nos vêtements ne rétrécissent pas et les coleurs disparaissent jamais. Nous utilisons des colorants naturels complètement exempt de substances nocives (Oeko-Tex Standard 100 - certification). Chaque vêtement est fait en vertu d'un processus manuel teinté avec des colorants à base d'eau et amicales avec l'environnement . Notre système d'impression est un processus unique qui permet d'imprimer directement sur les fibres des produits afin d'assurer réalisme et durabilité dans les couleurs . Merci à cela, nos vêtements peut être repassé sans perdre les propriétés.</p>
<div style=""text-align: left;""> </div>
<div style=""text-align: left;""> </div>
<br />
<div style=""text-align: left;""><strong>Caractéristiques:</strong></div>
<div style=""text-align: left;""> </div>
<br />
<div>
<ul>
<li style=""text-align: left;"">100% coton premium</li>
<li style=""text-align: left;"">Pré - lavé, toujours garde les propriétés</li>
<li style=""text-align: left;"">Couleurs et Dessins, réalistes</li>
<li style=""text-align: left;"">Colorants à base d'eau</li>
<li style=""text-align: left;"">Libre de substances nocives (Certificación Oeko-Tex Standard 100)</li>
<li style=""text-align: left;"">Respectueux avec la durabilité environnementale</li>
</ul>
</div>
</div>
<p> </p>
<div style=""text-align: center;""> </div>",,Spaghetti Chaussettes,"Vêtements full-printing imprimés en 3D. T-shirts, sweatshirts, chaussettes, débardeur, accessoires et bien plus encore. Tous imprimés sur coton 100% avec des dessins hyperréalistes.",spaghetti-chaussettes
1532,Sweet Macarons Chaussettes,"<div style=""text-align: center;"">
<p style=""text-align: left;"">Nos vêtements ne rétrécissent pas et les coleurs disparaissent jamais. Nous utilisons des colorants naturels complètement exempt de substances nocives (Oeko-Tex Standard 100 - certification). Chaque vêtement est fait en vertu d'un processus manuel teinté avec des colorants à base d'eau et amicales avec l'environnement . Notre système d'impression est un processus unique qui permet d'imprimer directement sur les fibres des produits afin d'assurer réalisme et durabilité dans les couleurs . Merci à cela, nos vêtements peut être repassé sans perdre les propriétés.</p>
<div style=""text-align: left;""> </div>
<div style=""text-align: left;""> </div>
<br />
<div style=""text-align: left;""><strong>Caractéristiques:</strong></div>
<div style=""text-align: left;""> </div>
<br />
<div>
<ul>
<li style=""text-align: left;"">100% coton premium</li>
<li style=""text-align: left;"">Pré - lavé, toujours garde les propriétés</li>
<li style=""text-align: left;"">Couleurs et Dessins, réalistes</li>
<li style=""text-align: left;"">Colorants à base d'eau</li>
<li style=""text-align: left;"">Libre de substances nocives (Certificación Oeko-Tex Standard 100)</li>
<li style=""text-align: left;"">Respectueux avec la durabilité environnementale</li>
</ul>
</div>
</div>
<p> </p>
<div style=""text-align: center;""> </div>",,Sweet Macarons Chaussettes,"Vêtements full-printing imprimés en 3D. T-shirts, sweatshirts, chaussettes, débardeur, accessoires et bien plus encore. Tous imprimés sur coton 100% avec des dessins hyperréalistes.",sweet-macarons-chaussettes
1533,Penguins Chaussettes,"<div style=""text-align: center;"">
<p style=""text-align: left;"">Nos vêtements ne rétrécissent pas et les coleurs disparaissent jamais. Nous utilisons des colorants naturels complètement exempt de substances nocives (Oeko-Tex Standard 100 - certification). Chaque vêtement est fait en vertu d'un processus manuel teinté avec des colorants à base d'eau et amicales avec l'environnement . Notre système d'impression est un processus unique qui permet d'imprimer directement sur les fibres des produits afin d'assurer réalisme et durabilité dans les couleurs . Merci à cela, nos vêtements peut être repassé sans perdre les propriétés.</p>
<div style=""text-align: left;""> </div>
<div style=""text-align: left;""> </div>
<br />
<div style=""text-align: left;""><strong>Caractéristiques:</strong></div>
<div style=""text-align: left;""> </div>
<br />
<div>
<ul>
<li style=""text-align: left;"">100% coton premium</li>
<li style=""text-align: left;"">Pré - lavé, toujours garde les propriétés</li>
<li style=""text-align: left;"">Couleurs et Dessins, réalistes</li>
<li style=""text-align: left;"">Colorants à base d'eau</li>
<li style=""text-align: left;"">Libre de substances nocives (Certificación Oeko-Tex Standard 100)</li>
<li style=""text-align: left;"">Respectueux avec la durabilité environnementale</li>
</ul>
</div>
</div>
<p> </p>
<div style=""text-align: center;""> </div>",,Penguins Chaussettes,"Vêtements full-printing imprimés en 3D. T-shirts, sweatshirts, chaussettes, débardeur, accessoires et bien plus encore. Tous imprimés sur coton 100% avec des dessins hyperréalistes.",penguins-chaussettes
1534,Wood Boxes Chaussettes,"<div style=""text-align: center;"">
<p style=""text-align: left;"">Nos vêtements ne rétrécissent pas et les coleurs disparaissent jamais. Nous utilisons des colorants naturels complètement exempt de substances nocives (Oeko-Tex Standard 100 - certification). Chaque vêtement est fait en vertu d'un processus manuel teinté avec des colorants à base d'eau et amicales avec l'environnement . Notre système d'impression est un processus unique qui permet d'imprimer directement sur les fibres des produits afin d'assurer réalisme et durabilité dans les couleurs . Merci à cela, nos vêtements peut être repassé sans perdre les propriétés.</p>
<div style=""text-align: left;""> </div>
<div style=""text-align: left;""> </div>
<br />
<div style=""text-align: left;""><strong>Caractéristiques:</strong></div>
<div style=""text-align: left;""> </div>
<br />
<div>
<ul>
<li style=""text-align: left;"">100% coton premium</li>
<li style=""text-align: left;"">Pré - lavé, toujours garde les propriétés</li>
<li style=""text-align: left;"">Couleurs et Dessins, réalistes</li>
<li style=""text-align: left;"">Colorants à base d'eau</li>
<li style=""text-align: left;"">Libre de substances nocives (Certificación Oeko-Tex Standard 100)</li>
<li style=""text-align: left;"">Respectueux avec la durabilité environnementale</li>
</ul>
</div>
</div>
<p> </p>
<div style=""text-align: center;""> </div>",,Wood Boxes Chaussettes,"Vêtements full-printing imprimés en 3D. T-shirts, sweatshirts, chaussettes, débardeur, accessoires et bien plus encore. Tous imprimés sur coton 100% avec des dessins hyperréalistes.",wood-boxes-chaussettes
1535,Blue Rain Chaussettes,"<div style=""text-align: center;"">
<p style=""text-align: left;"">Nos vêtements ne rétrécissent pas et les coleurs disparaissent jamais. Nous utilisons des colorants naturels complètement exempt de substances nocives (Oeko-Tex Standard 100 - certification). Chaque vêtement est fait en vertu d'un processus manuel teinté avec des colorants à base d'eau et amicales avec l'environnement . Notre système d'impression est un processus unique qui permet d'imprimer directement sur les fibres des produits afin d'assurer réalisme et durabilité dans les couleurs . Merci à cela, nos vêtements peut être repassé sans perdre les propriétés.</p>
<div style=""text-align: left;""> </div>
<div style=""text-align: left;""> </div>
<br />
<div style=""text-align: left;""><strong>Caractéristiques:</strong></div>
<div style=""text-align: left;""> </div>
<br />
<div>
<ul>
<li style=""text-align: left;"">100% coton premium</li>
<li style=""text-align: left;"">Pré - lavé, toujours garde les propriétés</li>
<li style=""text-align: left;"">Couleurs et Dessins, réalistes</li>
<li style=""text-align: left;"">Colorants à base d'eau</li>
<li style=""text-align: left;"">Libre de substances nocives (Certificación Oeko-Tex Standard 100)</li>
<li style=""text-align: left;"">Respectueux avec la durabilité environnementale</li>
</ul>
</div>
</div>
<p> </p>
<div style=""text-align: center;""> </div>",,Blue Rain Chaussettes,"Vêtements full-printing imprimés en 3D. T-shirts, sweatshirts, chaussettes, débardeur, accessoires et bien plus encore. Tous imprimés sur coton 100% avec des dessins hyperréalistes.",blue-rain-chaussettes
1536,Coder Chaussettes,"<div style=""text-align: center;"">
<p style=""text-align: left;"">Nos vêtements ne rétrécissent pas et les coleurs disparaissent jamais. Nous utilisons des colorants naturels complètement exempt de substances nocives (Oeko-Tex Standard 100 - certification). Chaque vêtement est fait en vertu d'un processus manuel teinté avec des colorants à base d'eau et amicales avec l'environnement . Notre système d'impression est un processus unique qui permet d'imprimer directement sur les fibres des produits afin d'assurer réalisme et durabilité dans les couleurs . Merci à cela, nos vêtements peut être repassé sans perdre les propriétés.</p>
<div style=""text-align: left;""> </div>
<div style=""text-align: left;""> </div>
<br />
<div style=""text-align: left;""><strong>Caractéristiques:</strong></div>
<div style=""text-align: left;""> </div>
<br />
<div>
<ul>
<li style=""text-align: left;"">100% coton premium</li>
<li style=""text-align: left;"">Pré - lavé, toujours garde les propriétés</li>
<li style=""text-align: left;"">Couleurs et Dessins, réalistes</li>
<li style=""text-align: left;"">Colorants à base d'eau</li>
<li style=""text-align: left;"">Libre de substances nocives (Certificación Oeko-Tex Standard 100)</li>
<li style=""text-align: left;"">Respectueux avec la durabilité environnementale</li>
</ul>
</div>
</div>
<p> </p>
<div style=""text-align: center;""> </div>",,Coder Chaussettes,"Vêtements full-printing imprimés en 3D. T-shirts, sweatshirts, chaussettes, débardeur, accessoires et bien plus encore. Tous imprimés sur coton 100% avec des dessins hyperréalistes.",coder-chaussettes
1537,Cat Toons Chaussettes,"<div style=""text-align: center;"">
<p style=""text-align: left;"">Nos vêtements ne rétrécissent pas et les coleurs disparaissent jamais. Nous utilisons des colorants naturels complètement exempt de substances nocives (Oeko-Tex Standard 100 - certification). Chaque vêtement est fait en vertu d'un processus manuel teinté avec des colorants à base d'eau et amicales avec l'environnement . Notre système d'impression est un processus unique qui permet d'imprimer directement sur les fibres des produits afin d'assurer réalisme et durabilité dans les couleurs . Merci à cela, nos vêtements peut être repassé sans perdre les propriétés.</p>
<div style=""text-align: left;""> </div>
<div style=""text-align: left;""> </div>
<br />
<div style=""text-align: left;""><strong>Caractéristiques:</strong></div>
<div style=""text-align: left;""> </div>
<br />
<div>
<ul>
<li style=""text-align: left;"">100% coton premium</li>
<li style=""text-align: left;"">Pré - lavé, toujours garde les propriétés</li>
<li style=""text-align: left;"">Couleurs et Dessins, réalistes</li>
<li style=""text-align: left;"">Colorants à base d'eau</li>
<li style=""text-align: left;"">Libre de substances nocives (Certificación Oeko-Tex Standard 100)</li>
<li style=""text-align: left;"">Respectueux avec la durabilité environnementale</li>
</ul>
</div>
</div>
<p> </p>
<div style=""text-align: center;""> </div>",,Cat Toons Chaussettes,"Vêtements full-printing imprimés en 3D. T-shirts, sweatshirts, chaussettes, débardeur, accessoires et bien plus encore. Tous imprimés sur coton 100% avec des dessins hyperréalistes.",cat-toons-chaussettes
1538,Fresh Sushi Chaussettes,"<div style=""text-align: center;"">
<p style=""text-align: left;"">Nos vêtements ne rétrécissent pas et les coleurs disparaissent jamais. Nous utilisons des colorants naturels complètement exempt de substances nocives (Oeko-Tex Standard 100 - certification). Chaque vêtement est fait en vertu d'un processus manuel teinté avec des colorants à base d'eau et amicales avec l'environnement . Notre système d'impression est un processus unique qui permet d'imprimer directement sur les fibres des produits afin d'assurer réalisme et durabilité dans les couleurs . Merci à cela, nos vêtements peut être repassé sans perdre les propriétés.</p>
<div style=""text-align: left;""> </div>
<div style=""text-align: left;""> </div>
<br />
<div style=""text-align: left;""><strong>Caractéristiques:</strong></div>
<div style=""text-align: left;""> </div>
<br />
<div>
<ul>
<li style=""text-align: left;"">100% coton premium</li>
<li style=""text-align: left;"">Pré - lavé, toujours garde les propriétés</li>
<li style=""text-align: left;"">Couleurs et Dessins, réalistes</li>
<li style=""text-align: left;"">Colorants à base d'eau</li>
<li style=""text-align: left;"">Libre de substances nocives (Certificación Oeko-Tex Standard 100)</li>
<li style=""text-align: left;"">Respectueux avec la durabilité environnementale</li>
</ul>
</div>
</div>
<p> </p>
<div style=""text-align: center;""> </div>",,Fresh Sushi Chaussettes,"Vêtements full-printing imprimés en 3D. T-shirts, sweatshirts, chaussettes, débardeur, accessoires et bien plus encore. Tous imprimés sur coton 100% avec des dessins hyperréalistes.",fresh-sushi-chaussettes
1539,Shiny Threads Chaussettes,"<div style=""text-align: center;"">
<p style=""text-align: left;"">Nos vêtements ne rétrécissent pas et les coleurs disparaissent jamais. Nous utilisons des colorants naturels complètement exempt de substances nocives (Oeko-Tex Standard 100 - certification). Chaque vêtement est fait en vertu d'un processus manuel teinté avec des colorants à base d'eau et amicales avec l'environnement . Notre système d'impression est un processus unique qui permet d'imprimer directement sur les fibres des produits afin d'assurer réalisme et durabilité dans les couleurs . Merci à cela, nos vêtements peut être repassé sans perdre les propriétés.</p>
<div style=""text-align: left;""> </div>
<div style=""text-align: left;""> </div>
<br />
<div style=""text-align: left;""><strong>Caractéristiques:</strong></div>
<div style=""text-align: left;""> </div>
<br />
<div>
<ul>
<li style=""text-align: left;"">100% coton premium</li>
<li style=""text-align: left;"">Pré - lavé, toujours garde les propriétés</li>
<li style=""text-align: left;"">Couleurs et Dessins, réalistes</li>
<li style=""text-align: left;"">Colorants à base d'eau</li>
<li style=""text-align: left;"">Libre de substances nocives (Certificación Oeko-Tex Standard 100)</li>
<li style=""text-align: left;"">Respectueux avec la durabilité environnementale</li>
</ul>
</div>
</div>
<p> </p>
<div style=""text-align: center;""> </div>",,Shiny Threads Chaussettes,"Vêtements full-printing imprimés en 3D. T-shirts, sweatshirts, chaussettes, débardeur, accessoires et bien plus encore. Tous imprimés sur coton 100% avec des dessins hyperréalistes.",shiny-threads-chaussettes
1540,Smiling Chaussettes,"<div style=""text-align: center;"">
<p style=""text-align: left;"">Nos vêtements ne rétrécissent pas et les coleurs disparaissent jamais. Nous utilisons des colorants naturels complètement exempt de substances nocives (Oeko-Tex Standard 100 - certification). Chaque vêtement est fait en vertu d'un processus manuel teinté avec des colorants à base d'eau et amicales avec l'environnement . Notre système d'impression est un processus unique qui permet d'imprimer directement sur les fibres des produits afin d'assurer réalisme et durabilité dans les couleurs . Merci à cela, nos vêtements peut être repassé sans perdre les propriétés.</p>
<div style=""text-align: left;""> </div>
<div style=""text-align: left;""> </div>
<br />
<div style=""text-align: left;""><strong>Caractéristiques:</strong></div>
<div style=""text-align: left;""> </div>
<br />
<div>
<ul>
<li style=""text-align: left;"">100% coton premium</li>
<li style=""text-align: left;"">Pré - lavé, toujours garde les propriétés</li>
<li style=""text-align: left;"">Couleurs et Dessins, réalistes</li>
<li style=""text-align: left;"">Colorants à base d'eau</li>
<li style=""text-align: left;"">Libre de substances nocives (Certificación Oeko-Tex Standard 100)</li>
<li style=""text-align: left;"">Respectueux avec la durabilité environnementale</li>
</ul>
</div>
</div>
<p> </p>
<div style=""text-align: center;""> </div>",,Smiling Chaussettes,"Vêtements full-printing imprimés en 3D. T-shirts, sweatshirts, chaussettes, débardeur, accessoires et bien plus encore. Tous imprimés sur coton 100% avec des dessins hyperréalistes.",smiling-chaussettes
1541,Ted Monkey Chaussettes,"<div style=""text-align: center;"">
<p style=""text-align: left;"">Nos vêtements ne rétrécissent pas et les coleurs disparaissent jamais. Nous utilisons des colorants naturels complètement exempt de substances nocives (Oeko-Tex Standard 100 - certification). Chaque vêtement est fait en vertu d'un processus manuel teinté avec des colorants à base d'eau et amicales avec l'environnement . Notre système d'impression est un processus unique qui permet d'imprimer directement sur les fibres des produits afin d'assurer réalisme et durabilité dans les couleurs . Merci à cela, nos vêtements peut être repassé sans perdre les propriétés.</p>
<div style=""text-align: left;""> </div>
<div style=""text-align: left;""> </div>
<br />
<div style=""text-align: left;""><strong>Caractéristiques:</strong></div>
<div style=""text-align: left;""> </div>
<br />
<div>
<ul>
<li style=""text-align: left;"">100% coton premium</li>
<li style=""text-align: left;"">Pré - lavé, toujours garde les propriétés</li>
<li style=""text-align: left;"">Couleurs et Dessins, réalistes</li>
<li style=""text-align: left;"">Colorants à base d'eau</li>
<li style=""text-align: left;"">Libre de substances nocives (Certificación Oeko-Tex Standard 100)</li>
<li style=""text-align: left;"">Respectueux avec la durabilité environnementale</li>
</ul>
</div>
</div>
<p> </p>
<div style=""text-align: center;""> </div>",,Ted Monkey Chaussettes,"Vêtements full-printing imprimés en 3D. T-shirts, sweatshirts, chaussettes, débardeur, accessoires et bien plus encore. Tous imprimés sur coton 100% avec des dessins hyperréalistes.",ted-monkey-chaussettes
1542,Geomtrical Art Chaussettes,"<div style=""text-align: center;"">
<p style=""text-align: left;"">Nos vêtements ne rétrécissent pas et les coleurs disparaissent jamais. Nous utilisons des colorants naturels complètement exempt de substances nocives (Oeko-Tex Standard 100 - certification). Chaque vêtement est fait en vertu d'un processus manuel teinté avec des colorants à base d'eau et amicales avec l'environnement . Notre système d'impression est un processus unique qui permet d'imprimer directement sur les fibres des produits afin d'assurer réalisme et durabilité dans les couleurs . Merci à cela, nos vêtements peut être repassé sans perdre les propriétés.</p>
<div style=""text-align: left;""> </div>
<div style=""text-align: left;""> </div>
<br />
<div style=""text-align: left;""><strong>Caractéristiques:</strong></div>
<div style=""text-align: left;""> </div>
<br />
<div>
<ul>
<li style=""text-align: left;"">100% coton premium</li>
<li style=""text-align: left;"">Pré - lavé, toujours garde les propriétés</li>
<li style=""text-align: left;"">Couleurs et Dessins, réalistes</li>
<li style=""text-align: left;"">Colorants à base d'eau</li>
<li style=""text-align: left;"">Libre de substances nocives (Certificación Oeko-Tex Standard 100)</li>
<li style=""text-align: left;"">Respectueux avec la durabilité environnementale</li>
</ul>
</div>
</div>
<p> </p>
<div style=""text-align: center;""> </div>",,Geomtrical Art Chaussettes,"Vêtements full-printing imprimés en 3D. T-shirts, sweatshirts, chaussettes, débardeur, accessoires et bien plus encore. Tous imprimés sur coton 100% avec des dessins hyperréalistes.",geomtrical-art-chaussettes
1543,Pop Pet Chaussettes,"<div style=""text-align: center;"">
<p style=""text-align: left;"">Nos vêtements ne rétrécissent pas et les coleurs disparaissent jamais. Nous utilisons des colorants naturels complètement exempt de substances nocives (Oeko-Tex Standard 100 - certification). Chaque vêtement est fait en vertu d'un processus manuel teinté avec des colorants à base d'eau et amicales avec l'environnement . Notre système d'impression est un processus unique qui permet d'imprimer directement sur les fibres des produits afin d'assurer réalisme et durabilité dans les couleurs . Merci à cela, nos vêtements peut être repassé sans perdre les propriétés.</p>
<div style=""text-align: left;""> </div>
<div style=""text-align: left;""> </div>
<br />
<div style=""text-align: left;""><strong>Caractéristiques:</strong></div>
<div style=""text-align: left;""> </div>
<br />
<div>
<ul>
<li style=""text-align: left;"">100% coton premium</li>
<li style=""text-align: left;"">Pré - lavé, toujours garde les propriétés</li>
<li style=""text-align: left;"">Couleurs et Dessins, réalistes</li>
<li style=""text-align: left;"">Colorants à base d'eau</li>
<li style=""text-align: left;"">Libre de substances nocives (Certificación Oeko-Tex Standard 100)</li>
<li style=""text-align: left;"">Respectueux avec la durabilité environnementale</li>
</ul>
</div>
</div>
<p> </p>
<div style=""text-align: center;""> </div>",,Pop Pet Chaussettes,"Vêtements full-printing imprimés en 3D. T-shirts, sweatshirts, chaussettes, débardeur, accessoires et bien plus encore. Tous imprimés sur coton 100% avec des dessins hyperréalistes.",pop-pet-chaussettes
1544,Ilusion Chaussettes,"<div style=""text-align: center;"">
<p style=""text-align: left;"">Nos vêtements ne rétrécissent pas et les coleurs disparaissent jamais. Nous utilisons des colorants naturels complètement exempt de substances nocives (Oeko-Tex Standard 100 - certification). Chaque vêtement est fait en vertu d'un processus manuel teinté avec des colorants à base d'eau et amicales avec l'environnement . Notre système d'impression est un processus unique qui permet d'imprimer directement sur les fibres des produits afin d'assurer réalisme et durabilité dans les couleurs . Merci à cela, nos vêtements peut être repassé sans perdre les propriétés.</p>
<div style=""text-align: left;""> </div>
<div style=""text-align: left;""> </div>
<br />
<div style=""text-align: left;""><strong>Caractéristiques:</strong></div>
<div style=""text-align: left;""> </div>
<br />
<div>
<ul>
<li style=""text-align: left;"">100% coton premium</li>
<li style=""text-align: left;"">Pré - lavé, toujours garde les propriétés</li>
<li style=""text-align: left;"">Couleurs et Dessins, réalistes</li>
<li style=""text-align: left;"">Colorants à base d'eau</li>
<li style=""text-align: left;"">Libre de substances nocives (Certificación Oeko-Tex Standard 100)</li>
<li style=""text-align: left;"">Respectueux avec la durabilité environnementale</li>
</ul>
</div>
</div>
<p> </p>
<div style=""text-align: center;""> </div>",,Ilusion Chaussettes,"Vêtements full-printing imprimés en 3D. T-shirts, sweatshirts, chaussettes, débardeur, accessoires et bien plus encore. Tous imprimés sur coton 100% avec des dessins hyperréalistes.",ilusion-chaussettes
1545,Morocco Chaussettes,"<div style=""text-align: center;"">
<p style=""text-align: left;"">Nos vêtements ne rétrécissent pas et les coleurs disparaissent jamais. Nous utilisons des colorants naturels complètement exempt de substances nocives (Oeko-Tex Standard 100 - certification). Chaque vêtement est fait en vertu d'un processus manuel teinté avec des colorants à base d'eau et amicales avec l'environnement . Notre système d'impression est un processus unique qui permet d'imprimer directement sur les fibres des produits afin d'assurer réalisme et durabilité dans les couleurs . Merci à cela, nos vêtements peut être repassé sans perdre les propriétés.</p>
<div style=""text-align: left;""> </div>
<div style=""text-align: left;""> </div>
<br />
<div style=""text-align: left;""><strong>Caractéristiques:</strong></div>
<div style=""text-align: left;""> </div>
<br />
<div>
<ul>
<li style=""text-align: left;"">100% coton premium</li>
<li style=""text-align: left;"">Pré - lavé, toujours garde les propriétés</li>
<li style=""text-align: left;"">Couleurs et Dessins, réalistes</li>
<li style=""text-align: left;"">Colorants à base d'eau</li>
<li style=""text-align: left;"">Libre de substances nocives (Certificación Oeko-Tex Standard 100)</li>
<li style=""text-align: left;"">Respectueux avec la durabilité environnementale</li>
</ul>
</div>
</div>
<p> </p>
<div style=""text-align: center;""> </div>",,Morocco Chaussettes,"Vêtements full-printing imprimés en 3D. T-shirts, sweatshirts, chaussettes, débardeur, accessoires et bien plus encore. Tous imprimés sur coton 100% avec des dessins hyperréalistes.",morocco-chaussettes
1546,Elephant Art Chaussettes,"<div style=""text-align: center;"">
<p style=""text-align: left;"">Nos vêtements ne rétrécissent pas et les coleurs disparaissent jamais. Nous utilisons des colorants naturels complètement exempt de substances nocives (Oeko-Tex Standard 100 - certification). Chaque vêtement est fait en vertu d'un processus manuel teinté avec des colorants à base d'eau et amicales avec l'environnement . Notre système d'impression est un processus unique qui permet d'imprimer directement sur les fibres des produits afin d'assurer réalisme et durabilité dans les couleurs . Merci à cela, nos vêtements peut être repassé sans perdre les propriétés.</p>
<div style=""text-align: left;""> </div>
<div style=""text-align: left;""> </div>
<br />
<div style=""text-align: left;""><strong>Caractéristiques:</strong></div>
<div style=""text-align: left;""> </div>
<br />
<div>
<ul>
<li style=""text-align: left;"">100% coton premium</li>
<li style=""text-align: left;"">Pré - lavé, toujours garde les propriétés</li>
<li style=""text-align: left;"">Couleurs et Dessins, réalistes</li>
<li style=""text-align: left;"">Colorants à base d'eau</li>
<li style=""text-align: left;"">Libre de substances nocives (Certificación Oeko-Tex Standard 100)</li>
<li style=""text-align: left;"">Respectueux avec la durabilité environnementale</li>
</ul>
</div>
</div>
<p> </p>
<div style=""text-align: center;""> </div>",,Elephant Art Chaussettes,"Vêtements full-printing imprimés en 3D. T-shirts, sweatshirts, chaussettes, débardeur, accessoires et bien plus encore. Tous imprimés sur coton 100% avec des dessins hyperréalistes.",elephant-art-chaussettes
1547,Game Grass Chaussettes,"<div style=""text-align: center;"">
<p style=""text-align: left;"">Nos vêtements ne rétrécissent pas et les coleurs disparaissent jamais. Nous utilisons des colorants naturels complètement exempt de substances nocives (Oeko-Tex Standard 100 - certification). Chaque vêtement est fait en vertu d'un processus manuel teinté avec des colorants à base d'eau et amicales avec l'environnement . Notre système d'impression est un processus unique qui permet d'imprimer directement sur les fibres des produits afin d'assurer réalisme et durabilité dans les couleurs . Merci à cela, nos vêtements peut être repassé sans perdre les propriétés.</p>
<div style=""text-align: left;""> </div>
<div style=""text-align: left;""> </div>
<br />
<div style=""text-align: left;""><strong>Caractéristiques:</strong></div>
<div style=""text-align: left;""> </div>
<br />
<div>
<ul>
<li style=""text-align: left;"">100% coton premium</li>
<li style=""text-align: left;"">Pré - lavé, toujours garde les propriétés</li>
<li style=""text-align: left;"">Couleurs et Dessins, réalistes</li>
<li style=""text-align: left;"">Colorants à base d'eau</li>
<li style=""text-align: left;"">Libre de substances nocives (Certificación Oeko-Tex Standard 100)</li>
<li style=""text-align: left;"">Respectueux avec la durabilité environnementale</li>
</ul>
</div>
</div>
<p> </p>
<div style=""text-align: center;""> </div>",,Game Grass Chaussettes,"Vêtements full-printing imprimés en 3D. T-shirts, sweatshirts, chaussettes, débardeur, accessoires et bien plus encore. Tous imprimés sur coton 100% avec des dessins hyperréalistes.",game-grass-chaussettes
1548,Sweet Bananas Chaussettes,"<div style=""text-align: center;"">
<p style=""text-align: left;"">Nos vêtements ne rétrécissent pas et les coleurs disparaissent jamais. Nous utilisons des colorants naturels complètement exempt de substances nocives (Oeko-Tex Standard 100 - certification). Chaque vêtement est fait en vertu d'un processus manuel teinté avec des colorants à base d'eau et amicales avec l'environnement . Notre système d'impression est un processus unique qui permet d'imprimer directement sur les fibres des produits afin d'assurer réalisme et durabilité dans les couleurs . Merci à cela, nos vêtements peut être repassé sans perdre les propriétés.</p>
<div style=""text-align: left;""> </div>
<div style=""text-align: left;""> </div>
<br />
<div style=""text-align: left;""><strong>Caractéristiques:</strong></div>
<div style=""text-align: left;""> </div>
<br />
<div>
<ul>
<li style=""text-align: left;"">100% coton premium</li>
<li style=""text-align: left;"">Pré - lavé, toujours garde les propriétés</li>
<li style=""text-align: left;"">Couleurs et Dessins, réalistes</li>
<li style=""text-align: left;"">Colorants à base d'eau</li>
<li style=""text-align: left;"">Libre de substances nocives (Certificación Oeko-Tex Standard 100)</li>
<li style=""text-align: left;"">Respectueux avec la durabilité environnementale</li>
</ul>
</div>
</div>
<p> </p>
<div style=""text-align: center;""> </div>",,Sweet Bananas Chaussettes,"Vêtements full-printing imprimés en 3D. T-shirts, sweatshirts, chaussettes, débardeur, accessoires et bien plus encore. Tous imprimés sur coton 100% avec des dessins hyperréalistes.",sweet-bananas-chaussettes
1549,Kiwi Chaussettes,"<div style=""text-align: center;"">
<p style=""text-align: left;"">Nos vêtements ne rétrécissent pas et les coleurs disparaissent jamais. Nous utilisons des colorants naturels complètement exempt de substances nocives (Oeko-Tex Standard 100 - certification). Chaque vêtement est fait en vertu d'un processus manuel teinté avec des colorants à base d'eau et amicales avec l'environnement . Notre système d'impression est un processus unique qui permet d'imprimer directement sur les fibres des produits afin d'assurer réalisme et durabilité dans les couleurs . Merci à cela, nos vêtements peut être repassé sans perdre les propriétés.</p>
<div style=""text-align: left;""> </div>
<div style=""text-align: left;""> </div>
<br />
<div style=""text-align: left;""><strong>Caractéristiques:</strong></div>
<div style=""text-align: left;""> </div>
<br />
<div>
<ul>
<li style=""text-align: left;"">100% coton premium</li>
<li style=""text-align: left;"">Pré - lavé, toujours garde les propriétés</li>
<li style=""text-align: left;"">Couleurs et Dessins, réalistes</li>
<li style=""text-align: left;"">Colorants à base d'eau</li>
<li style=""text-align: left;"">Libre de substances nocives (Certificación Oeko-Tex Standard 100)</li>
<li style=""text-align: left;"">Respectueux avec la durabilité environnementale</li>
</ul>
</div>
</div>
<p> </p>
<div style=""text-align: center;""> </div>",,Kiwi Chaussettes,"Vêtements full-printing imprimés en 3D. T-shirts, sweatshirts, chaussettes, débardeur, accessoires et bien plus encore. Tous imprimés sur coton 100% avec des dessins hyperréalistes.",kiwi-chaussettes
1550,Blue 3D Chaussettes,"<div style=""text-align: center;"">
<p style=""text-align: left;"">Nos vêtements ne rétrécissent pas et les coleurs disparaissent jamais. Nous utilisons des colorants naturels complètement exempt de substances nocives (Oeko-Tex Standard 100 - certification). Chaque vêtement est fait en vertu d'un processus manuel teinté avec des colorants à base d'eau et amicales avec l'environnement . Notre système d'impression est un processus unique qui permet d'imprimer directement sur les fibres des produits afin d'assurer réalisme et durabilité dans les couleurs . Merci à cela, nos vêtements peut être repassé sans perdre les propriétés.</p>
<div style=""text-align: left;""> </div>
<div style=""text-align: left;""> </div>
<br />
<div style=""text-align: left;""><strong>Caractéristiques:</strong></div>
<div style=""text-align: left;""> </div>
<br />
<div>
<ul>
<li style=""text-align: left;"">100% coton premium</li>
<li style=""text-align: left;"">Pré - lavé, toujours garde les propriétés</li>
<li style=""text-align: left;"">Couleurs et Dessins, réalistes</li>
<li style=""text-align: left;"">Colorants à base d'eau</li>
<li style=""text-align: left;"">Libre de substances nocives (Certificación Oeko-Tex Standard 100)</li>
<li style=""text-align: left;"">Respectueux avec la durabilité environnementale</li>
</ul>
</div>
</div>
<p> </p>
<div style=""text-align: center;""> </div>",,Blue 3D Chaussettes,"Vêtements full-printing imprimés en 3D. T-shirts, sweatshirts, chaussettes, débardeur, accessoires et bien plus encore. Tous imprimés sur coton 100% avec des dessins hyperréalistes.",blue-3d-chaussettes
1551,Space Toons Chaussettes,"<div style=""text-align: center;"">
<p style=""text-align: left;"">Nos vêtements ne rétrécissent pas et les coleurs disparaissent jamais. Nous utilisons des colorants naturels complètement exempt de substances nocives (Oeko-Tex Standard 100 - certification). Chaque vêtement est fait en vertu d'un processus manuel teinté avec des colorants à base d'eau et amicales avec l'environnement . Notre système d'impression est un processus unique qui permet d'imprimer directement sur les fibres des produits afin d'assurer réalisme et durabilité dans les couleurs . Merci à cela, nos vêtements peut être repassé sans perdre les propriétés.</p>
<div style=""text-align: left;""> </div>
<div style=""text-align: left;""> </div>
<br />
<div style=""text-align: left;""><strong>Caractéristiques:</strong></div>
<div style=""text-align: left;""> </div>
<br />
<div>
<ul>
<li style=""text-align: left;"">100% coton premium</li>
<li style=""text-align: left;"">Pré - lavé, toujours garde les propriétés</li>
<li style=""text-align: left;"">Couleurs et Dessins, réalistes</li>
<li style=""text-align: left;"">Colorants à base d'eau</li>
<li style=""text-align: left;"">Libre de substances nocives (Certificación Oeko-Tex Standard 100)</li>
<li style=""text-align: left;"">Respectueux avec la durabilité environnementale</li>
</ul>
</div>
</div>
<p> </p>
<div style=""text-align: center;""> </div>",,Space Toons Chaussettes,"Vêtements full-printing imprimés en 3D. T-shirts, sweatshirts, chaussettes, débardeur, accessoires et bien plus encore. Tous imprimés sur coton 100% avec des dessins hyperréalistes.",space-toons-chaussettes
1552,Sky Umbrella Chaussettes,"<div style=""text-align: center;"">
<p style=""text-align: left;"">Nos vêtements ne rétrécissent pas et les coleurs disparaissent jamais. Nous utilisons des colorants naturels complètement exempt de substances nocives (Oeko-Tex Standard 100 - certification). Chaque vêtement est fait en vertu d'un processus manuel teinté avec des colorants à base d'eau et amicales avec l'environnement . Notre système d'impression est un processus unique qui permet d'imprimer directement sur les fibres des produits afin d'assurer réalisme et durabilité dans les couleurs . Merci à cela, nos vêtements peut être repassé sans perdre les propriétés.</p>
<div style=""text-align: left;""> </div>
<div style=""text-align: left;""> </div>
<br />
<div style=""text-align: left;""><strong>Caractéristiques:</strong></div>
<div style=""text-align: left;""> </div>
<br />
<div>
<ul>
<li style=""text-align: left;"">100% coton premium</li>
<li style=""text-align: left;"">Pré - lavé, toujours garde les propriétés</li>
<li style=""text-align: left;"">Couleurs et Dessins, réalistes</li>
<li style=""text-align: left;"">Colorants à base d'eau</li>
<li style=""text-align: left;"">Libre de substances nocives (Certificación Oeko-Tex Standard 100)</li>
<li style=""text-align: left;"">Respectueux avec la durabilité environnementale</li>
</ul>
</div>
</div>
<p> </p>
<div style=""text-align: center;""> </div>",,Sky Umbrella Chaussettes,"Vêtements full-printing imprimés en 3D. T-shirts, sweatshirts, chaussettes, débardeur, accessoires et bien plus encore. Tous imprimés sur coton 100% avec des dessins hyperréalistes.",sky-umbrella-chaussettes
1553,80s Flow Chaussettes,"<div style=""text-align: center;"">
<p style=""text-align: left;"">Nos vêtements ne rétrécissent pas et les coleurs disparaissent jamais. Nous utilisons des colorants naturels complètement exempt de substances nocives (Oeko-Tex Standard 100 - certification). Chaque vêtement est fait en vertu d'un processus manuel teinté avec des colorants à base d'eau et amicales avec l'environnement . Notre système d'impression est un processus unique qui permet d'imprimer directement sur les fibres des produits afin d'assurer réalisme et durabilité dans les couleurs . Merci à cela, nos vêtements peut être repassé sans perdre les propriétés.</p>
<div style=""text-align: left;""> </div>
<div style=""text-align: left;""> </div>
<br />
<div style=""text-align: left;""><strong>Caractéristiques:</strong></div>
<div style=""text-align: left;""> </div>
<br />
<div>
<ul>
<li style=""text-align: left;"">100% coton premium</li>
<li style=""text-align: left;"">Pré - lavé, toujours garde les propriétés</li>
<li style=""text-align: left;"">Couleurs et Dessins, réalistes</li>
<li style=""text-align: left;"">Colorants à base d'eau</li>
<li style=""text-align: left;"">Libre de substances nocives (Certificación Oeko-Tex Standard 100)</li>
<li style=""text-align: left;"">Respectueux avec la durabilité environnementale</li>
</ul>
</div>
</div>
<p> </p>
<div style=""text-align: center;""> </div>",,80s Flow Chaussettes,"Vêtements full-printing imprimés en 3D. T-shirts, sweatshirts, chaussettes, débardeur, accessoires et bien plus encore. Tous imprimés sur coton 100% avec des dessins hyperréalistes.",80s-flow-chaussettes
1554,Cloudy Sky Chaussettes,"<div style=""text-align: center;"">
<p style=""text-align: left;"">Nos vêtements ne rétrécissent pas et les coleurs disparaissent jamais. Nous utilisons des colorants naturels complètement exempt de substances nocives (Oeko-Tex Standard 100 - certification). Chaque vêtement est fait en vertu d'un processus manuel teinté avec des colorants à base d'eau et amicales avec l'environnement . Notre système d'impression est un processus unique qui permet d'imprimer directement sur les fibres des produits afin d'assurer réalisme et durabilité dans les couleurs . Merci à cela, nos vêtements peut être repassé sans perdre les propriétés.</p>
<div style=""text-align: left;""> </div>
<div style=""text-align: left;""> </div>
<br />
<div style=""text-align: left;""><strong>Caractéristiques:</strong></div>
<div style=""text-align: left;""> </div>
<br />
<div>
<ul>
<li style=""text-align: left;"">100% coton premium</li>
<li style=""text-align: left;"">Pré - lavé, toujours garde les propriétés</li>
<li style=""text-align: left;"">Couleurs et Dessins, réalistes</li>
<li style=""text-align: left;"">Colorants à base d'eau</li>
<li style=""text-align: left;"">Libre de substances nocives (Certificación Oeko-Tex Standard 100)</li>
<li style=""text-align: left;"">Respectueux avec la durabilité environnementale</li>
</ul>
</div>
</div>
<p> </p>
<div style=""text-align: center;""> </div>",,Cloudy Sky Chaussettes,"Vêtements full-printing imprimés en 3D. T-shirts, sweatshirts, chaussettes, débardeur, accessoires et bien plus encore. Tous imprimés sur coton 100% avec des dessins hyperréalistes.",cloudy-sky-chaussettes
1555,Fresh Strawberries Chaussettes,"<div style=""text-align: center;"">
<p style=""text-align: left;"">Nos vêtements ne rétrécissent pas et les coleurs disparaissent jamais. Nous utilisons des colorants naturels complètement exempt de substances nocives (Oeko-Tex Standard 100 - certification). Chaque vêtement est fait en vertu d'un processus manuel teinté avec des colorants à base d'eau et amicales avec l'environnement . Notre système d'impression est un processus unique qui permet d'imprimer directement sur les fibres des produits afin d'assurer réalisme et durabilité dans les couleurs . Merci à cela, nos vêtements peut être repassé sans perdre les propriétés.</p>
<div style=""text-align: left;""> </div>
<div style=""text-align: left;""> </div>
<br />
<div style=""text-align: left;""><strong>Caractéristiques:</strong></div>
<div style=""text-align: left;""> </div>
<br />
<div>
<ul>
<li style=""text-align: left;"">100% coton premium</li>
<li style=""text-align: left;"">Pré - lavé, toujours garde les propriétés</li>
<li style=""text-align: left;"">Couleurs et Dessins, réalistes</li>
<li style=""text-align: left;"">Colorants à base d'eau</li>
<li style=""text-align: left;"">Libre de substances nocives (Certificación Oeko-Tex Standard 100)</li>
<li style=""text-align: left;"">Respectueux avec la durabilité environnementale</li>
</ul>
</div>
</div>
<p> </p>
<div style=""text-align: center;""> </div>",,Fresh Strawberries Chaussettes,"Vêtements full-printing imprimés en 3D. T-shirts, sweatshirts, chaussettes, débardeur, accessoires et bien plus encore. Tous imprimés sur coton 100% avec des dessins hyperréalistes.",fresh-strawberries-chaussettes
1556,Sluggish Toons Chaussettes,"<div style=""text-align: center;"">
<p style=""text-align: left;"">Nos vêtements ne rétrécissent pas et les coleurs disparaissent jamais. Nous utilisons des colorants naturels complètement exempt de substances nocives (Oeko-Tex Standard 100 - certification). Chaque vêtement est fait en vertu d'un processus manuel teinté avec des colorants à base d'eau et amicales avec l'environnement . Notre système d'impression est un processus unique qui permet d'imprimer directement sur les fibres des produits afin d'assurer réalisme et durabilité dans les couleurs . Merci à cela, nos vêtements peut être repassé sans perdre les propriétés.</p>
<div style=""text-align: left;""> </div>
<div style=""text-align: left;""> </div>
<br />
<div style=""text-align: left;""><strong>Caractéristiques:</strong></div>
<div style=""text-align: left;""> </div>
<br />
<div>
<ul>
<li style=""text-align: left;"">100% coton premium</li>
<li style=""text-align: left;"">Pré - lavé, toujours garde les propriétés</li>
<li style=""text-align: left;"">Couleurs et Dessins, réalistes</li>
<li style=""text-align: left;"">Colorants à base d'eau</li>
<li style=""text-align: left;"">Libre de substances nocives (Certificación Oeko-Tex Standard 100)</li>
<li style=""text-align: left;"">Respectueux avec la durabilité environnementale</li>
</ul>
</div>
</div>
<p> </p>
<div style=""text-align: center;""> </div>",,Sluggish Toons Chaussettes,"Vêtements full-printing imprimés en 3D. T-shirts, sweatshirts, chaussettes, débardeur, accessoires et bien plus encore. Tous imprimés sur coton 100% avec des dessins hyperréalistes.",sluggish-toons-chaussettes
1557,Sushi Pack Sweatpants,"<div style=""text-align: center;"">
<p style=""text-align: left;"">Nos vêtements ne rétrécissent pas et les coleurs disparaissent jamais. Nous utilisons des colorants naturels complètement exempt de substances nocives (Oeko-Tex Standard 100 - certification). Chaque vêtement est fait en vertu d'un processus manuel teinté avec des colorants à base d'eau et amicales avec l'environnement . Notre système d'impression est un processus unique qui permet d'imprimer directement sur les fibres des produits afin d'assurer réalisme et durabilité dans les couleurs . Merci à cela, nos vêtements peut être repassé sans perdre les propriétés.</p>
<div style=""text-align: left;""> </div>
<div style=""text-align: left;""> </div>
<br />
<div style=""text-align: left;""><strong>Caractéristiques:</strong></div>
<div style=""text-align: left;""> </div>
<br />
<div>
<ul>
<li style=""text-align: left;"">100% coton premium</li>
<li style=""text-align: left;"">Pré - lavé, toujours garde les propriétés</li>
<li style=""text-align: left;"">Couleurs et Dessins, réalistes</li>
<li style=""text-align: left;"">Colorants à base d'eau</li>
<li style=""text-align: left;"">Libre de substances nocives (Certificación Oeko-Tex Standard 100)</li>
<li style=""text-align: left;"">Respectueux avec la durabilité environnementale</li>
</ul>
</div>
</div>
<p> </p>
<div style=""text-align: center;""> </div>",,Sushi Pack Sweatpants,"Vêtements full-printing imprimés en 3D. T-shirts, sweatshirts, chaussettes, débardeur, accessoires et bien plus encore. Tous imprimés sur coton 100% avec des dessins hyperréalistes.",sushi-pack-sweatpants
1558,Spicy Chili Sweatpants,"<div style=""text-align: center;"">
<p style=""text-align: left;"">Nos vêtements ne rétrécissent pas et les coleurs disparaissent jamais. Nous utilisons des colorants naturels complètement exempt de substances nocives (Oeko-Tex Standard 100 - certification). Chaque vêtement est fait en vertu d'un processus manuel teinté avec des colorants à base d'eau et amicales avec l'environnement . Notre système d'impression est un processus unique qui permet d'imprimer directement sur les fibres des produits afin d'assurer réalisme et durabilité dans les couleurs . Merci à cela, nos vêtements peut être repassé sans perdre les propriétés.</p>
<div style=""text-align: left;""> </div>
<div style=""text-align: left;""> </div>
<br />
<div style=""text-align: left;""><strong>Caractéristiques:</strong></div>
<div style=""text-align: left;""> </div>
<br />
<div>
<ul>
<li style=""text-align: left;"">100% coton premium</li>
<li style=""text-align: left;"">Pré - lavé, toujours garde les propriétés</li>
<li style=""text-align: left;"">Couleurs et Dessins, réalistes</li>
<li style=""text-align: left;"">Colorants à base d'eau</li>
<li style=""text-align: left;"">Libre de substances nocives (Certificación Oeko-Tex Standard 100)</li>
<li style=""text-align: left;"">Respectueux avec la durabilité environnementale</li>
</ul>
</div>
</div>
<p> </p>
<div style=""text-align: center;""> </div>",,Spicy Chili Sweatpants,"Vêtements full-printing imprimés en 3D. T-shirts, sweatshirts, chaussettes, débardeur, accessoires et bien plus encore. Tous imprimés sur coton 100% avec des dessins hyperréalistes.",spicy-chili-sweatpants
1559,Old News Papper Sweatpants,"<div style=""text-align: center;"">
<p style=""text-align: left;"">Nos vêtements ne rétrécissent pas et les coleurs disparaissent jamais. Nous utilisons des colorants naturels complètement exempt de substances nocives (Oeko-Tex Standard 100 - certification). Chaque vêtement est fait en vertu d'un processus manuel teinté avec des colorants à base d'eau et amicales avec l'environnement . Notre système d'impression est un processus unique qui permet d'imprimer directement sur les fibres des produits afin d'assurer réalisme et durabilité dans les couleurs . Merci à cela, nos vêtements peut être repassé sans perdre les propriétés.</p>
<div style=""text-align: left;""> </div>
<div style=""text-align: left;""> </div>
<br />
<div style=""text-align: left;""><strong>Caractéristiques:</strong></div>
<div style=""text-align: left;""> </div>
<br />
<div>
<ul>
<li style=""text-align: left;"">100% coton premium</li>
<li style=""text-align: left;"">Pré - lavé, toujours garde les propriétés</li>
<li style=""text-align: left;"">Couleurs et Dessins, réalistes</li>
<li style=""text-align: left;"">Colorants à base d'eau</li>
<li style=""text-align: left;"">Libre de substances nocives (Certificación Oeko-Tex Standard 100)</li>
<li style=""text-align: left;"">Respectueux avec la durabilité environnementale</li>
</ul>
</div>
</div>
<p> </p>
<div style=""text-align: center;""> </div>",,Old News Papper Sweatpants,"Vêtements full-printing imprimés en 3D. T-shirts, sweatshirts, chaussettes, débardeur, accessoires et bien plus encore. Tous imprimés sur coton 100% avec des dessins hyperréalistes.",old-news-papper-sweatpants
1560,Alphabet Sweatpants,"<div style=""text-align: center;"">
<p style=""text-align: left;"">Nos vêtements ne rétrécissent pas et les coleurs disparaissent jamais. Nous utilisons des colorants naturels complètement exempt de substances nocives (Oeko-Tex Standard 100 - certification). Chaque vêtement est fait en vertu d'un processus manuel teinté avec des colorants à base d'eau et amicales avec l'environnement . Notre système d'impression est un processus unique qui permet d'imprimer directement sur les fibres des produits afin d'assurer réalisme et durabilité dans les couleurs . Merci à cela, nos vêtements peut être repassé sans perdre les propriétés.</p>
<div style=""text-align: left;""> </div>
<div style=""text-align: left;""> </div>
<br />
<div style=""text-align: left;""><strong>Caractéristiques:</strong></div>
<div style=""text-align: left;""> </div>
<br />
<div>
<ul>
<li style=""text-align: left;"">100% coton premium</li>
<li style=""text-align: left;"">Pré - lavé, toujours garde les propriétés</li>
<li style=""text-align: left;"">Couleurs et Dessins, réalistes</li>
<li style=""text-align: left;"">Colorants à base d'eau</li>
<li style=""text-align: left;"">Libre de substances nocives (Certificación Oeko-Tex Standard 100)</li>
<li style=""text-align: left;"">Respectueux avec la durabilité environnementale</li>
</ul>
</div>
</div>
<p> </p>
<div style=""text-align: center;""> </div>",,Alphabet Sweatpants,"Vêtements full-printing imprimés en 3D. T-shirts, sweatshirts, chaussettes, débardeur, accessoires et bien plus encore. Tous imprimés sur coton 100% avec des dessins hyperréalistes.",alphabet-sweatpants
1561,Lego Texture Sweatpants,"<div style=""text-align: center;"">
<p style=""text-align: left;"">Nos vêtements ne rétrécissent pas et les coleurs disparaissent jamais. Nous utilisons des colorants naturels complètement exempt de substances nocives (Oeko-Tex Standard 100 - certification). Chaque vêtement est fait en vertu d'un processus manuel teinté avec des colorants à base d'eau et amicales avec l'environnement . Notre système d'impression est un processus unique qui permet d'imprimer directement sur les fibres des produits afin d'assurer réalisme et durabilité dans les couleurs . Merci à cela, nos vêtements peut être repassé sans perdre les propriétés.</p>
<div style=""text-align: left;""> </div>
<div style=""text-align: left;""> </div>
<br />
<div style=""text-align: left;""><strong>Caractéristiques:</strong></div>
<div style=""text-align: left;""> </div>
<br />
<div>
<ul>
<li style=""text-align: left;"">100% coton premium</li>
<li style=""text-align: left;"">Pré - lavé, toujours garde les propriétés</li>
<li style=""text-align: left;"">Couleurs et Dessins, réalistes</li>
<li style=""text-align: left;"">Colorants à base d'eau</li>
<li style=""text-align: left;"">Libre de substances nocives (Certificación Oeko-Tex Standard 100)</li>
<li style=""text-align: left;"">Respectueux avec la durabilité environnementale</li>
</ul>
</div>
</div>
<p> </p>
<div style=""text-align: center;""> </div>",,Lego Texture Sweatpants,"Vêtements full-printing imprimés en 3D. T-shirts, sweatshirts, chaussettes, débardeur, accessoires et bien plus encore. Tous imprimés sur coton 100% avec des dessins hyperréalistes.",lego-texture-sweatpants
1562,Mixed Toons Sweatpants,"<div style=""text-align: center;"">
<p style=""text-align: left;"">Nos vêtements ne rétrécissent pas et les coleurs disparaissent jamais. Nous utilisons des colorants naturels complètement exempt de substances nocives (Oeko-Tex Standard 100 - certification). Chaque vêtement est fait en vertu d'un processus manuel teinté avec des colorants à base d'eau et amicales avec l'environnement . Notre système d'impression est un processus unique qui permet d'imprimer directement sur les fibres des produits afin d'assurer réalisme et durabilité dans les couleurs . Merci à cela, nos vêtements peut être repassé sans perdre les propriétés.</p>
<div style=""text-align: left;""> </div>
<div style=""text-align: left;""> </div>
<br />
<div style=""text-align: left;""><strong>Caractéristiques:</strong></div>
<div style=""text-align: left;""> </div>
<br />
<div>
<ul>
<li style=""text-align: left;"">100% coton premium</li>
<li style=""text-align: left;"">Pré - lavé, toujours garde les propriétés</li>
<li style=""text-align: left;"">Couleurs et Dessins, réalistes</li>
<li style=""text-align: left;"">Colorants à base d'eau</li>
<li style=""text-align: left;"">Libre de substances nocives (Certificación Oeko-Tex Standard 100)</li>
<li style=""text-align: left;"">Respectueux avec la durabilité environnementale</li>
</ul>
</div>
</div>
<p> </p>
<div style=""text-align: center;""> </div>",,Mixed Toons Sweatpants,"Vêtements full-printing imprimés en 3D. T-shirts, sweatshirts, chaussettes, débardeur, accessoires et bien plus encore. Tous imprimés sur coton 100% avec des dessins hyperréalistes.",mixed-toons-sweatpants
1563,Blue Marine Sweatpants,"<div style=""text-align: center;"">
<p style=""text-align: left;"">Nos vêtements ne rétrécissent pas et les coleurs disparaissent jamais. Nous utilisons des colorants naturels complètement exempt de substances nocives (Oeko-Tex Standard 100 - certification). Chaque vêtement est fait en vertu d'un processus manuel teinté avec des colorants à base d'eau et amicales avec l'environnement . Notre système d'impression est un processus unique qui permet d'imprimer directement sur les fibres des produits afin d'assurer réalisme et durabilité dans les couleurs . Merci à cela, nos vêtements peut être repassé sans perdre les propriétés.</p>
<div style=""text-align: left;""> </div>
<div style=""text-align: left;""> </div>
<br />
<div style=""text-align: left;""><strong>Caractéristiques:</strong></div>
<div style=""text-align: left;""> </div>
<br />
<div>
<ul>
<li style=""text-align: left;"">100% coton premium</li>
<li style=""text-align: left;"">Pré - lavé, toujours garde les propriétés</li>
<li style=""text-align: left;"">Couleurs et Dessins, réalistes</li>
<li style=""text-align: left;"">Colorants à base d'eau</li>
<li style=""text-align: left;"">Libre de substances nocives (Certificación Oeko-Tex Standard 100)</li>
<li style=""text-align: left;"">Respectueux avec la durabilité environnementale</li>
</ul>
</div>
</div>
<p> </p>
<div style=""text-align: center;""> </div>",,Blue Marine Sweatpants,"Vêtements full-printing imprimés en 3D. T-shirts, sweatshirts, chaussettes, débardeur, accessoires et bien plus encore. Tous imprimés sur coton 100% avec des dessins hyperréalistes.",blue-marine-sweatpants
1564,Crafty Sweatpants,"<div style=""text-align: center;"">
<p style=""text-align: left;"">Nos vêtements ne rétrécissent pas et les coleurs disparaissent jamais. Nous utilisons des colorants naturels complètement exempt de substances nocives (Oeko-Tex Standard 100 - certification). Chaque vêtement est fait en vertu d'un processus manuel teinté avec des colorants à base d'eau et amicales avec l'environnement . Notre système d'impression est un processus unique qui permet d'imprimer directement sur les fibres des produits afin d'assurer réalisme et durabilité dans les couleurs . Merci à cela, nos vêtements peut être repassé sans perdre les propriétés.</p>
<div style=""text-align: left;""> </div>
<div style=""text-align: left;""> </div>
<br />
<div style=""text-align: left;""><strong>Caractéristiques:</strong></div>
<div style=""text-align: left;""> </div>
<br />
<div>
<ul>
<li style=""text-align: left;"">100% coton premium</li>
<li style=""text-align: left;"">Pré - lavé, toujours garde les propriétés</li>
<li style=""text-align: left;"">Couleurs et Dessins, réalistes</li>
<li style=""text-align: left;"">Colorants à base d'eau</li>
<li style=""text-align: left;"">Libre de substances nocives (Certificación Oeko-Tex Standard 100)</li>
<li style=""text-align: left;"">Respectueux avec la durabilité environnementale</li>
</ul>
</div>
</div>
<p> </p>
<div style=""text-align: center;""> </div>",,Crafty Sweatpants,"Vêtements full-printing imprimés en 3D. T-shirts, sweatshirts, chaussettes, débardeur, accessoires et bien plus encore. Tous imprimés sur coton 100% avec des dessins hyperréalistes.",crafty-sweatpants
1565,Sky Paint Sweatpants,"<div style=""text-align: center;"">
<p style=""text-align: left;"">Nos vêtements ne rétrécissent pas et les coleurs disparaissent jamais. Nous utilisons des colorants naturels complètement exempt de substances nocives (Oeko-Tex Standard 100 - certification). Chaque vêtement est fait en vertu d'un processus manuel teinté avec des colorants à base d'eau et amicales avec l'environnement . Notre système d'impression est un processus unique qui permet d'imprimer directement sur les fibres des produits afin d'assurer réalisme et durabilité dans les couleurs . Merci à cela, nos vêtements peut être repassé sans perdre les propriétés.</p>
<div style=""text-align: left;""> </div>
<div style=""text-align: left;""> </div>
<br />
<div style=""text-align: left;""><strong>Caractéristiques:</strong></div>
<div style=""text-align: left;""> </div>
<br />
<div>
<ul>
<li style=""text-align: left;"">100% coton premium</li>
<li style=""text-align: left;"">Pré - lavé, toujours garde les propriétés</li>
<li style=""text-align: left;"">Couleurs et Dessins, réalistes</li>
<li style=""text-align: left;"">Colorants à base d'eau</li>
<li style=""text-align: left;"">Libre de substances nocives (Certificación Oeko-Tex Standard 100)</li>
<li style=""text-align: left;"">Respectueux avec la durabilité environnementale</li>
</ul>
</div>
</div>
<p> </p>
<div style=""text-align: center;""> </div>",,Sky Paint Sweatpants,"Vêtements full-printing imprimés en 3D. T-shirts, sweatshirts, chaussettes, débardeur, accessoires et bien plus encore. Tous imprimés sur coton 100% avec des dessins hyperréalistes.",sky-paint-sweatpants
1566,Geometric Fox Sweatpants,"<div style=""text-align: center;"">
<p style=""text-align: left;"">Nos vêtements ne rétrécissent pas et les coleurs disparaissent jamais. Nous utilisons des colorants naturels complètement exempt de substances nocives (Oeko-Tex Standard 100 - certification). Chaque vêtement est fait en vertu d'un processus manuel teinté avec des colorants à base d'eau et amicales avec l'environnement . Notre système d'impression est un processus unique qui permet d'imprimer directement sur les fibres des produits afin d'assurer réalisme et durabilité dans les couleurs . Merci à cela, nos vêtements peut être repassé sans perdre les propriétés.</p>
<div style=""text-align: left;""> </div>
<div style=""text-align: left;""> </div>
<br />
<div style=""text-align: left;""><strong>Caractéristiques:</strong></div>
<div style=""text-align: left;""> </div>
<br />
<div>
<ul>
<li style=""text-align: left;"">100% coton premium</li>
<li style=""text-align: left;"">Pré - lavé, toujours garde les propriétés</li>
<li style=""text-align: left;"">Couleurs et Dessins, réalistes</li>
<li style=""text-align: left;"">Colorants à base d'eau</li>
<li style=""text-align: left;"">Libre de substances nocives (Certificación Oeko-Tex Standard 100)</li>
<li style=""text-align: left;"">Respectueux avec la durabilité environnementale</li>
</ul>
</div>
</div>
<p> </p>
<div style=""text-align: center;""> </div>",,Geometric Fox Sweatpants,"Vêtements full-printing imprimés en 3D. T-shirts, sweatshirts, chaussettes, débardeur, accessoires et bien plus encore. Tous imprimés sur coton 100% avec des dessins hyperréalistes.",geometric-fox-sweatpants
1567,Italian Dashboard Sweatpants,"<div style=""text-align: center;"">
<p style=""text-align: left;"">Nos vêtements ne rétrécissent pas et les coleurs disparaissent jamais. Nous utilisons des colorants naturels complètement exempt de substances nocives (Oeko-Tex Standard 100 - certification). Chaque vêtement est fait en vertu d'un processus manuel teinté avec des colorants à base d'eau et amicales avec l'environnement . Notre système d'impression est un processus unique qui permet d'imprimer directement sur les fibres des produits afin d'assurer réalisme et durabilité dans les couleurs . Merci à cela, nos vêtements peut être repassé sans perdre les propriétés.</p>
<div style=""text-align: left;""> </div>
<div style=""text-align: left;""> </div>
<br />
<div style=""text-align: left;""><strong>Caractéristiques:</strong></div>
<div style=""text-align: left;""> </div>
<br />
<div>
<ul>
<li style=""text-align: left;"">100% coton premium</li>
<li style=""text-align: left;"">Pré - lavé, toujours garde les propriétés</li>
<li style=""text-align: left;"">Couleurs et Dessins, réalistes</li>
<li style=""text-align: left;"">Colorants à base d'eau</li>
<li style=""text-align: left;"">Libre de substances nocives (Certificación Oeko-Tex Standard 100)</li>
<li style=""text-align: left;"">Respectueux avec la durabilité environnementale</li>
</ul>
</div>
</div>
<p> </p>
<div style=""text-align: center;""> </div>",,Italian Dashboard Sweatpants,"Vêtements full-printing imprimés en 3D. T-shirts, sweatshirts, chaussettes, débardeur, accessoires et bien plus encore. Tous imprimés sur coton 100% avec des dessins hyperréalistes.",italian-dashboard-sweatpants
1568,Pasta Toons Sweatpants,"<div style=""text-align: center;"">
<p style=""text-align: left;"">Nos vêtements ne rétrécissent pas et les coleurs disparaissent jamais. Nous utilisons des colorants naturels complètement exempt de substances nocives (Oeko-Tex Standard 100 - certification). Chaque vêtement est fait en vertu d'un processus manuel teinté avec des colorants à base d'eau et amicales avec l'environnement . Notre système d'impression est un processus unique qui permet d'imprimer directement sur les fibres des produits afin d'assurer réalisme et durabilité dans les couleurs . Merci à cela, nos vêtements peut être repassé sans perdre les propriétés.</p>
<div style=""text-align: left;""> </div>
<div style=""text-align: left;""> </div>
<br />
<div style=""text-align: left;""><strong>Caractéristiques:</strong></div>
<div style=""text-align: left;""> </div>
<br />
<div>
<ul>
<li style=""text-align: left;"">100% coton premium</li>
<li style=""text-align: left;"">Pré - lavé, toujours garde les propriétés</li>
<li style=""text-align: left;"">Couleurs et Dessins, réalistes</li>
<li style=""text-align: left;"">Colorants à base d'eau</li>
<li style=""text-align: left;"">Libre de substances nocives (Certificación Oeko-Tex Standard 100)</li>
<li style=""text-align: left;"">Respectueux avec la durabilité environnementale</li>
</ul>
</div>
</div>
<p> </p>
<div style=""text-align: center;""> </div>",,Pasta Toons Sweatpants,"Vêtements full-printing imprimés en 3D. T-shirts, sweatshirts, chaussettes, débardeur, accessoires et bien plus encore. Tous imprimés sur coton 100% avec des dessins hyperréalistes.",pasta-toons-sweatpants
1569,Florida Mood Sweatpants,"<div style=""text-align: center;"">
<p style=""text-align: left;"">Nos vêtements ne rétrécissent pas et les coleurs disparaissent jamais. Nous utilisons des colorants naturels complètement exempt de substances nocives (Oeko-Tex Standard 100 - certification). Chaque vêtement est fait en vertu d'un processus manuel teinté avec des colorants à base d'eau et amicales avec l'environnement . Notre système d'impression est un processus unique qui permet d'imprimer directement sur les fibres des produits afin d'assurer réalisme et durabilité dans les couleurs . Merci à cela, nos vêtements peut être repassé sans perdre les propriétés.</p>
<div style=""text-align: left;""> </div>
<div style=""text-align: left;""> </div>
<br />
<div style=""text-align: left;""><strong>Caractéristiques:</strong></div>
<div style=""text-align: left;""> </div>
<br />
<div>
<ul>
<li style=""text-align: left;"">100% coton premium</li>
<li style=""text-align: left;"">Pré - lavé, toujours garde les propriétés</li>
<li style=""text-align: left;"">Couleurs et Dessins, réalistes</li>
<li style=""text-align: left;"">Colorants à base d'eau</li>
<li style=""text-align: left;"">Libre de substances nocives (Certificación Oeko-Tex Standard 100)</li>
<li style=""text-align: left;"">Respectueux avec la durabilité environnementale</li>
</ul>
</div>
</div>
<p> </p>
<div style=""text-align: center;""> </div>",,Florida Mood Sweatpants,"Vêtements full-printing imprimés en 3D. T-shirts, sweatshirts, chaussettes, débardeur, accessoires et bien plus encore. Tous imprimés sur coton 100% avec des dessins hyperréalistes.",florida-mood-sweatpants
1570,Fast Food Sweatpants,"<div style=""text-align: center;"">
<p style=""text-align: left;"">Nos vêtements ne rétrécissent pas et les coleurs disparaissent jamais. Nous utilisons des colorants naturels complètement exempt de substances nocives (Oeko-Tex Standard 100 - certification). Chaque vêtement est fait en vertu d'un processus manuel teinté avec des colorants à base d'eau et amicales avec l'environnement . Notre système d'impression est un processus unique qui permet d'imprimer directement sur les fibres des produits afin d'assurer réalisme et durabilité dans les couleurs . Merci à cela, nos vêtements peut être repassé sans perdre les propriétés.</p>
<div style=""text-align: left;""> </div>
<div style=""text-align: left;""> </div>
<br />
<div style=""text-align: left;""><strong>Caractéristiques:</strong></div>
<div style=""text-align: left;""> </div>
<br />
<div>
<ul>
<li style=""text-align: left;"">100% coton premium</li>
<li style=""text-align: left;"">Pré - lavé, toujours garde les propriétés</li>
<li style=""text-align: left;"">Couleurs et Dessins, réalistes</li>
<li style=""text-align: left;"">Colorants à base d'eau</li>
<li style=""text-align: left;"">Libre de substances nocives (Certificación Oeko-Tex Standard 100)</li>
<li style=""text-align: left;"">Respectueux avec la durabilité environnementale</li>
</ul>
</div>
</div>
<p> </p>
<div style=""text-align: center;""> </div>",,Fast Food Sweatpants,"Vêtements full-printing imprimés en 3D. T-shirts, sweatshirts, chaussettes, débardeur, accessoires et bien plus encore. Tous imprimés sur coton 100% avec des dessins hyperréalistes.",fast-food-sweatpants
1571,Dinosaurs Sweatpants,"<div style=""text-align: center;"">
<p style=""text-align: left;"">Nos vêtements ne rétrécissent pas et les coleurs disparaissent jamais. Nous utilisons des colorants naturels complètement exempt de substances nocives (Oeko-Tex Standard 100 - certification). Chaque vêtement est fait en vertu d'un processus manuel teinté avec des colorants à base d'eau et amicales avec l'environnement . Notre système d'impression est un processus unique qui permet d'imprimer directement sur les fibres des produits afin d'assurer réalisme et durabilité dans les couleurs . Merci à cela, nos vêtements peut être repassé sans perdre les propriétés.</p>
<div style=""text-align: left;""> </div>
<div style=""text-align: left;""> </div>
<br />
<div style=""text-align: left;""><strong>Caractéristiques:</strong></div>
<div style=""text-align: left;""> </div>
<br />
<div>
<ul>
<li style=""text-align: left;"">100% coton premium</li>
<li style=""text-align: left;"">Pré - lavé, toujours garde les propriétés</li>
<li style=""text-align: left;"">Couleurs et Dessins, réalistes</li>
<li style=""text-align: left;"">Colorants à base d'eau</li>
<li style=""text-align: left;"">Libre de substances nocives (Certificación Oeko-Tex Standard 100)</li>
<li style=""text-align: left;"">Respectueux avec la durabilité environnementale</li>
</ul>
</div>
</div>
<p> </p>
<div style=""text-align: center;""> </div>",,Dinosaurs Sweatpants,"Vêtements full-printing imprimés en 3D. T-shirts, sweatshirts, chaussettes, débardeur, accessoires et bien plus encore. Tous imprimés sur coton 100% avec des dessins hyperréalistes.",dinosaurs-sweatpants
1572,90s Fishes Sweatpants,"<div style=""text-align: center;"">
<p style=""text-align: left;"">Nos vêtements ne rétrécissent pas et les coleurs disparaissent jamais. Nous utilisons des colorants naturels complètement exempt de substances nocives (Oeko-Tex Standard 100 - certification). Chaque vêtement est fait en vertu d'un processus manuel teinté avec des colorants à base d'eau et amicales avec l'environnement . Notre système d'impression est un processus unique qui permet d'imprimer directement sur les fibres des produits afin d'assurer réalisme et durabilité dans les couleurs . Merci à cela, nos vêtements peut être repassé sans perdre les propriétés.</p>
<div style=""text-align: left;""> </div>
<div style=""text-align: left;""> </div>
<br />
<div style=""text-align: left;""><strong>Caractéristiques:</strong></div>
<div style=""text-align: left;""> </div>
<br />
<div>
<ul>
<li style=""text-align: left;"">100% coton premium</li>
<li style=""text-align: left;"">Pré - lavé, toujours garde les propriétés</li>
<li style=""text-align: left;"">Couleurs et Dessins, réalistes</li>
<li style=""text-align: left;"">Colorants à base d'eau</li>
<li style=""text-align: left;"">Libre de substances nocives (Certificación Oeko-Tex Standard 100)</li>
<li style=""text-align: left;"">Respectueux avec la durabilité environnementale</li>
</ul>
</div>
</div>
<p> </p>
<div style=""text-align: center;""> </div>",,90s Fishes Sweatpants,"Vêtements full-printing imprimés en 3D. T-shirts, sweatshirts, chaussettes, débardeur, accessoires et bien plus encore. Tous imprimés sur coton 100% avec des dessins hyperréalistes.",90s-fishes-sweatpants
1573,Colorado Fishes Sweatpants,"<div style=""text-align: center;"">
<p style=""text-align: left;"">Nos vêtements ne rétrécissent pas et les coleurs disparaissent jamais. Nous utilisons des colorants naturels complètement exempt de substances nocives (Oeko-Tex Standard 100 - certification). Chaque vêtement est fait en vertu d'un processus manuel teinté avec des colorants à base d'eau et amicales avec l'environnement . Notre système d'impression est un processus unique qui permet d'imprimer directement sur les fibres des produits afin d'assurer réalisme et durabilité dans les couleurs . Merci à cela, nos vêtements peut être repassé sans perdre les propriétés.</p>
<div style=""text-align: left;""> </div>
<div style=""text-align: left;""> </div>
<br />
<div style=""text-align: left;""><strong>Caractéristiques:</strong></div>
<div style=""text-align: left;""> </div>
<br />
<div>
<ul>
<li style=""text-align: left;"">100% coton premium</li>
<li style=""text-align: left;"">Pré - lavé, toujours garde les propriétés</li>
<li style=""text-align: left;"">Couleurs et Dessins, réalistes</li>
<li style=""text-align: left;"">Colorants à base d'eau</li>
<li style=""text-align: left;"">Libre de substances nocives (Certificación Oeko-Tex Standard 100)</li>
<li style=""text-align: left;"">Respectueux avec la durabilité environnementale</li>
</ul>
</div>
</div>
<p> </p>
<div style=""text-align: center;""> </div>",,Colorado Fishes Sweatpants,"Vêtements full-printing imprimés en 3D. T-shirts, sweatshirts, chaussettes, débardeur, accessoires et bien plus encore. Tous imprimés sur coton 100% avec des dessins hyperréalistes.",colorado-fishes-sweatpants
1574,Soda Dispenser Sweatpants,"<div style=""text-align: center;"">
<p style=""text-align: left;"">Nos vêtements ne rétrécissent pas et les coleurs disparaissent jamais. Nous utilisons des colorants naturels complètement exempt de substances nocives (Oeko-Tex Standard 100 - certification). Chaque vêtement est fait en vertu d'un processus manuel teinté avec des colorants à base d'eau et amicales avec l'environnement . Notre système d'impression est un processus unique qui permet d'imprimer directement sur les fibres des produits afin d'assurer réalisme et durabilité dans les couleurs . Merci à cela, nos vêtements peut être repassé sans perdre les propriétés.</p>
<div style=""text-align: left;""> </div>
<div style=""text-align: left;""> </div>
<br />
<div style=""text-align: left;""><strong>Caractéristiques:</strong></div>
<div style=""text-align: left;""> </div>
<br />
<div>
<ul>
<li style=""text-align: left;"">100% coton premium</li>
<li style=""text-align: left;"">Pré - lavé, toujours garde les propriétés</li>
<li style=""text-align: left;"">Couleurs et Dessins, réalistes</li>
<li style=""text-align: left;"">Colorants à base d'eau</li>
<li style=""text-align: left;"">Libre de substances nocives (Certificación Oeko-Tex Standard 100)</li>
<li style=""text-align: left;"">Respectueux avec la durabilité environnementale</li>
</ul>
</div>
</div>
<p> </p>
<div style=""text-align: center;""> </div>",,Soda Dispenser Sweatpants,"Vêtements full-printing imprimés en 3D. T-shirts, sweatshirts, chaussettes, débardeur, accessoires et bien plus encore. Tous imprimés sur coton 100% avec des dessins hyperréalistes.",soda-dispenser-sweatpants
1575,Spaghetti Sweatpants,"<div style=""text-align: center;"">
<p style=""text-align: left;"">Nos vêtements ne rétrécissent pas et les coleurs disparaissent jamais. Nous utilisons des colorants naturels complètement exempt de substances nocives (Oeko-Tex Standard 100 - certification). Chaque vêtement est fait en vertu d'un processus manuel teinté avec des colorants à base d'eau et amicales avec l'environnement . Notre système d'impression est un processus unique qui permet d'imprimer directement sur les fibres des produits afin d'assurer réalisme et durabilité dans les couleurs . Merci à cela, nos vêtements peut être repassé sans perdre les propriétés.</p>
<div style=""text-align: left;""> </div>
<div style=""text-align: left;""> </div>
<br />
<div style=""text-align: left;""><strong>Caractéristiques:</strong></div>
<div style=""text-align: left;""> </div>
<br />
<div>
<ul>
<li style=""text-align: left;"">100% coton premium</li>
<li style=""text-align: left;"">Pré - lavé, toujours garde les propriétés</li>
<li style=""text-align: left;"">Couleurs et Dessins, réalistes</li>
<li style=""text-align: left;"">Colorants à base d'eau</li>
<li style=""text-align: left;"">Libre de substances nocives (Certificación Oeko-Tex Standard 100)</li>
<li style=""text-align: left;"">Respectueux avec la durabilité environnementale</li>
</ul>
</div>
</div>
<p> </p>
<div style=""text-align: center;""> </div>",,Spaghetti Sweatpants,"Vêtements full-printing imprimés en 3D. T-shirts, sweatshirts, chaussettes, débardeur, accessoires et bien plus encore. Tous imprimés sur coton 100% avec des dessins hyperréalistes.",spaghetti-sweatpants
1576,Sweet Macarons Sweatpants,"<div style=""text-align: center;"">
<p style=""text-align: left;"">Nos vêtements ne rétrécissent pas et les coleurs disparaissent jamais. Nous utilisons des colorants naturels complètement exempt de substances nocives (Oeko-Tex Standard 100 - certification). Chaque vêtement est fait en vertu d'un processus manuel teinté avec des colorants à base d'eau et amicales avec l'environnement . Notre système d'impression est un processus unique qui permet d'imprimer directement sur les fibres des produits afin d'assurer réalisme et durabilité dans les couleurs . Merci à cela, nos vêtements peut être repassé sans perdre les propriétés.</p>
<div style=""text-align: left;""> </div>
<div style=""text-align: left;""> </div>
<br />
<div style=""text-align: left;""><strong>Caractéristiques:</strong></div>
<div style=""text-align: left;""> </div>
<br />
<div>
<ul>
<li style=""text-align: left;"">100% coton premium</li>
<li style=""text-align: left;"">Pré - lavé, toujours garde les propriétés</li>
<li style=""text-align: left;"">Couleurs et Dessins, réalistes</li>
<li style=""text-align: left;"">Colorants à base d'eau</li>
<li style=""text-align: left;"">Libre de substances nocives (Certificación Oeko-Tex Standard 100)</li>
<li style=""text-align: left;"">Respectueux avec la durabilité environnementale</li>
</ul>
</div>
</div>
<p> </p>
<div style=""text-align: center;""> </div>",,Sweet Macarons Sweatpants,"Vêtements full-printing imprimés en 3D. T-shirts, sweatshirts, chaussettes, débardeur, accessoires et bien plus encore. Tous imprimés sur coton 100% avec des dessins hyperréalistes.",sweet-macarons-sweatpants
1577,Penguins Sweatpants,"<div style=""text-align: center;"">
<p style=""text-align: left;"">Nos vêtements ne rétrécissent pas et les coleurs disparaissent jamais. Nous utilisons des colorants naturels complètement exempt de substances nocives (Oeko-Tex Standard 100 - certification). Chaque vêtement est fait en vertu d'un processus manuel teinté avec des colorants à base d'eau et amicales avec l'environnement . Notre système d'impression est un processus unique qui permet d'imprimer directement sur les fibres des produits afin d'assurer réalisme et durabilité dans les couleurs . Merci à cela, nos vêtements peut être repassé sans perdre les propriétés.</p>
<div style=""text-align: left;""> </div>
<div style=""text-align: left;""> </div>
<br />
<div style=""text-align: left;""><strong>Caractéristiques:</strong></div>
<div style=""text-align: left;""> </div>
<br />
<div>
<ul>
<li style=""text-align: left;"">100% coton premium</li>
<li style=""text-align: left;"">Pré - lavé, toujours garde les propriétés</li>
<li style=""text-align: left;"">Couleurs et Dessins, réalistes</li>
<li style=""text-align: left;"">Colorants à base d'eau</li>
<li style=""text-align: left;"">Libre de substances nocives (Certificación Oeko-Tex Standard 100)</li>
<li style=""text-align: left;"">Respectueux avec la durabilité environnementale</li>
</ul>
</div>
</div>
<p> </p>
<div style=""text-align: center;""> </div>",,Penguins Sweatpants,"Vêtements full-printing imprimés en 3D. T-shirts, sweatshirts, chaussettes, débardeur, accessoires et bien plus encore. Tous imprimés sur coton 100% avec des dessins hyperréalistes.",penguins-sweatpants
1578,Wood Boxes Sweatpants,"<div style=""text-align: center;"">
<p style=""text-align: left;"">Nos vêtements ne rétrécissent pas et les coleurs disparaissent jamais. Nous utilisons des colorants naturels complètement exempt de substances nocives (Oeko-Tex Standard 100 - certification). Chaque vêtement est fait en vertu d'un processus manuel teinté avec des colorants à base d'eau et amicales avec l'environnement . Notre système d'impression est un processus unique qui permet d'imprimer directement sur les fibres des produits afin d'assurer réalisme et durabilité dans les couleurs . Merci à cela, nos vêtements peut être repassé sans perdre les propriétés.</p>
<div style=""text-align: left;""> </div>
<div style=""text-align: left;""> </div>
<br />
<div style=""text-align: left;""><strong>Caractéristiques:</strong></div>
<div style=""text-align: left;""> </div>
<br />
<div>
<ul>
<li style=""text-align: left;"">100% coton premium</li>
<li style=""text-align: left;"">Pré - lavé, toujours garde les propriétés</li>
<li style=""text-align: left;"">Couleurs et Dessins, réalistes</li>
<li style=""text-align: left;"">Colorants à base d'eau</li>
<li style=""text-align: left;"">Libre de substances nocives (Certificación Oeko-Tex Standard 100)</li>
<li style=""text-align: left;"">Respectueux avec la durabilité environnementale</li>
</ul>
</div>
</div>
<p> </p>
<div style=""text-align: center;""> </div>",,Wood Boxes Sweatpants,"Vêtements full-printing imprimés en 3D. T-shirts, sweatshirts, chaussettes, débardeur, accessoires et bien plus encore. Tous imprimés sur coton 100% avec des dessins hyperréalistes.",wood-boxes-sweatpants
1579,Blue Rain Sweatpants,"<div style=""text-align: center;"">
<p style=""text-align: left;"">Nos vêtements ne rétrécissent pas et les coleurs disparaissent jamais. Nous utilisons des colorants naturels complètement exempt de substances nocives (Oeko-Tex Standard 100 - certification). Chaque vêtement est fait en vertu d'un processus manuel teinté avec des colorants à base d'eau et amicales avec l'environnement . Notre système d'impression est un processus unique qui permet d'imprimer directement sur les fibres des produits afin d'assurer réalisme et durabilité dans les couleurs . Merci à cela, nos vêtements peut être repassé sans perdre les propriétés.</p>
<div style=""text-align: left;""> </div>
<div style=""text-align: left;""> </div>
<br />
<div style=""text-align: left;""><strong>Caractéristiques:</strong></div>
<div style=""text-align: left;""> </div>
<br />
<div>
<ul>
<li style=""text-align: left;"">100% coton premium</li>
<li style=""text-align: left;"">Pré - lavé, toujours garde les propriétés</li>
<li style=""text-align: left;"">Couleurs et Dessins, réalistes</li>
<li style=""text-align: left;"">Colorants à base d'eau</li>
<li style=""text-align: left;"">Libre de substances nocives (Certificación Oeko-Tex Standard 100)</li>
<li style=""text-align: left;"">Respectueux avec la durabilité environnementale</li>
</ul>
</div>
</div>
<p> </p>
<div style=""text-align: center;""> </div>",,Blue Rain Sweatpants,"Vêtements full-printing imprimés en 3D. T-shirts, sweatshirts, chaussettes, débardeur, accessoires et bien plus encore. Tous imprimés sur coton 100% avec des dessins hyperréalistes.",blue-rain-sweatpants
1580,Coder Sweatpants,"<div style=""text-align: center;"">
<p style=""text-align: left;"">Nos vêtements ne rétrécissent pas et les coleurs disparaissent jamais. Nous utilisons des colorants naturels complètement exempt de substances nocives (Oeko-Tex Standard 100 - certification). Chaque vêtement est fait en vertu d'un processus manuel teinté avec des colorants à base d'eau et amicales avec l'environnement . Notre système d'impression est un processus unique qui permet d'imprimer directement sur les fibres des produits afin d'assurer réalisme et durabilité dans les couleurs . Merci à cela, nos vêtements peut être repassé sans perdre les propriétés.</p>
<div style=""text-align: left;""> </div>
<div style=""text-align: left;""> </div>
<br />
<div style=""text-align: left;""><strong>Caractéristiques:</strong></div>
<div style=""text-align: left;""> </div>
<br />
<div>
<ul>
<li style=""text-align: left;"">100% coton premium</li>
<li style=""text-align: left;"">Pré - lavé, toujours garde les propriétés</li>
<li style=""text-align: left;"">Couleurs et Dessins, réalistes</li>
<li style=""text-align: left;"">Colorants à base d'eau</li>
<li style=""text-align: left;"">Libre de substances nocives (Certificación Oeko-Tex Standard 100)</li>
<li style=""text-align: left;"">Respectueux avec la durabilité environnementale</li>
</ul>
</div>
</div>
<p> </p>
<div style=""text-align: center;""> </div>",,Coder Sweatpants,"Vêtements full-printing imprimés en 3D. T-shirts, sweatshirts, chaussettes, débardeur, accessoires et bien plus encore. Tous imprimés sur coton 100% avec des dessins hyperréalistes.",coder-sweatpants
1581,Cat Toons Sweatpants,"<div style=""text-align: center;"">
<p style=""text-align: left;"">Nos vêtements ne rétrécissent pas et les coleurs disparaissent jamais. Nous utilisons des colorants naturels complètement exempt de substances nocives (Oeko-Tex Standard 100 - certification). Chaque vêtement est fait en vertu d'un processus manuel teinté avec des colorants à base d'eau et amicales avec l'environnement . Notre système d'impression est un processus unique qui permet d'imprimer directement sur les fibres des produits afin d'assurer réalisme et durabilité dans les couleurs . Merci à cela, nos vêtements peut être repassé sans perdre les propriétés.</p>
<div style=""text-align: left;""> </div>
<div style=""text-align: left;""> </div>
<br />
<div style=""text-align: left;""><strong>Caractéristiques:</strong></div>
<div style=""text-align: left;""> </div>
<br />
<div>
<ul>
<li style=""text-align: left;"">100% coton premium</li>
<li style=""text-align: left;"">Pré - lavé, toujours garde les propriétés</li>
<li style=""text-align: left;"">Couleurs et Dessins, réalistes</li>
<li style=""text-align: left;"">Colorants à base d'eau</li>
<li style=""text-align: left;"">Libre de substances nocives (Certificación Oeko-Tex Standard 100)</li>
<li style=""text-align: left;"">Respectueux avec la durabilité environnementale</li>
</ul>
</div>
</div>
<p> </p>
<div style=""text-align: center;""> </div>",,Cat Toons Sweatpants,"Vêtements full-printing imprimés en 3D. T-shirts, sweatshirts, chaussettes, débardeur, accessoires et bien plus encore. Tous imprimés sur coton 100% avec des dessins hyperréalistes.",cat-toons-sweatpants
1582,Fresh Sushi Sweatpants,"<div style=""text-align: center;"">
<p style=""text-align: left;"">Nos vêtements ne rétrécissent pas et les coleurs disparaissent jamais. Nous utilisons des colorants naturels complètement exempt de substances nocives (Oeko-Tex Standard 100 - certification). Chaque vêtement est fait en vertu d'un processus manuel teinté avec des colorants à base d'eau et amicales avec l'environnement . Notre système d'impression est un processus unique qui permet d'imprimer directement sur les fibres des produits afin d'assurer réalisme et durabilité dans les couleurs . Merci à cela, nos vêtements peut être repassé sans perdre les propriétés.</p>
<div style=""text-align: left;""> </div>
<div style=""text-align: left;""> </div>
<br />
<div style=""text-align: left;""><strong>Caractéristiques:</strong></div>
<div style=""text-align: left;""> </div>
<br />
<div>
<ul>
<li style=""text-align: left;"">100% coton premium</li>
<li style=""text-align: left;"">Pré - lavé, toujours garde les propriétés</li>
<li style=""text-align: left;"">Couleurs et Dessins, réalistes</li>
<li style=""text-align: left;"">Colorants à base d'eau</li>
<li style=""text-align: left;"">Libre de substances nocives (Certificación Oeko-Tex Standard 100)</li>
<li style=""text-align: left;"">Respectueux avec la durabilité environnementale</li>
</ul>
</div>
</div>
<p> </p>
<div style=""text-align: center;""> </div>",,Fresh Sushi Sweatpants,"Vêtements full-printing imprimés en 3D. T-shirts, sweatshirts, chaussettes, débardeur, accessoires et bien plus encore. Tous imprimés sur coton 100% avec des dessins hyperréalistes.",fresh-sushi-sweatpants
1583,Smiling Sweatpants,"<div style=""text-align: center;"">
<p style=""text-align: left;"">Nos vêtements ne rétrécissent pas et les coleurs disparaissent jamais. Nous utilisons des colorants naturels complètement exempt de substances nocives (Oeko-Tex Standard 100 - certification). Chaque vêtement est fait en vertu d'un processus manuel teinté avec des colorants à base d'eau et amicales avec l'environnement . Notre système d'impression est un processus unique qui permet d'imprimer directement sur les fibres des produits afin d'assurer réalisme et durabilité dans les couleurs . Merci à cela, nos vêtements peut être repassé sans perdre les propriétés.</p>
<div style=""text-align: left;""> </div>
<div style=""text-align: left;""> </div>
<br />
<div style=""text-align: left;""><strong>Caractéristiques:</strong></div>
<div style=""text-align: left;""> </div>
<br />
<div>
<ul>
<li style=""text-align: left;"">100% coton premium</li>
<li style=""text-align: left;"">Pré - lavé, toujours garde les propriétés</li>
<li style=""text-align: left;"">Couleurs et Dessins, réalistes</li>
<li style=""text-align: left;"">Colorants à base d'eau</li>
<li style=""text-align: left;"">Libre de substances nocives (Certificación Oeko-Tex Standard 100)</li>
<li style=""text-align: left;"">Respectueux avec la durabilité environnementale</li>
</ul>
</div>
</div>
<p> </p>
<div style=""text-align: center;""> </div>",,Smiling Sweatpants,"Vêtements full-printing imprimés en 3D. T-shirts, sweatshirts, chaussettes, débardeur, accessoires et bien plus encore. Tous imprimés sur coton 100% avec des dessins hyperréalistes.",smiling-sweatpants
1584,Geomtrical Art Sweatpants,"<div style=""text-align: center;"">
<p style=""text-align: left;"">Nos vêtements ne rétrécissent pas et les coleurs disparaissent jamais. Nous utilisons des colorants naturels complètement exempt de substances nocives (Oeko-Tex Standard 100 - certification). Chaque vêtement est fait en vertu d'un processus manuel teinté avec des colorants à base d'eau et amicales avec l'environnement . Notre système d'impression est un processus unique qui permet d'imprimer directement sur les fibres des produits afin d'assurer réalisme et durabilité dans les couleurs . Merci à cela, nos vêtements peut être repassé sans perdre les propriétés.</p>
<div style=""text-align: left;""> </div>
<div style=""text-align: left;""> </div>
<br />
<div style=""text-align: left;""><strong>Caractéristiques:</strong></div>
<div style=""text-align: left;""> </div>
<br />
<div>
<ul>
<li style=""text-align: left;"">100% coton premium</li>
<li style=""text-align: left;"">Pré - lavé, toujours garde les propriétés</li>
<li style=""text-align: left;"">Couleurs et Dessins, réalistes</li>
<li style=""text-align: left;"">Colorants à base d'eau</li>
<li style=""text-align: left;"">Libre de substances nocives (Certificación Oeko-Tex Standard 100)</li>
<li style=""text-align: left;"">Respectueux avec la durabilité environnementale</li>
</ul>
</div>
</div>
<p> </p>
<div style=""text-align: center;""> </div>",,Geomtrical Art Sweatpants,"Vêtements full-printing imprimés en 3D. T-shirts, sweatshirts, chaussettes, débardeur, accessoires et bien plus encore. Tous imprimés sur coton 100% avec des dessins hyperréalistes.",geomtrical-art-sweatpants
1585,Pop Pet Sweatpants,"<div style=""text-align: center;"">
<p style=""text-align: left;"">Nos vêtements ne rétrécissent pas et les coleurs disparaissent jamais. Nous utilisons des colorants naturels complètement exempt de substances nocives (Oeko-Tex Standard 100 - certification). Chaque vêtement est fait en vertu d'un processus manuel teinté avec des colorants à base d'eau et amicales avec l'environnement . Notre système d'impression est un processus unique qui permet d'imprimer directement sur les fibres des produits afin d'assurer réalisme et durabilité dans les couleurs . Merci à cela, nos vêtements peut être repassé sans perdre les propriétés.</p>
<div style=""text-align: left;""> </div>
<div style=""text-align: left;""> </div>
<br />
<div style=""text-align: left;""><strong>Caractéristiques:</strong></div>
<div style=""text-align: left;""> </div>
<br />
<div>
<ul>
<li style=""text-align: left;"">100% coton premium</li>
<li style=""text-align: left;"">Pré - lavé, toujours garde les propriétés</li>
<li style=""text-align: left;"">Couleurs et Dessins, réalistes</li>
<li style=""text-align: left;"">Colorants à base d'eau</li>
<li style=""text-align: left;"">Libre de substances nocives (Certificación Oeko-Tex Standard 100)</li>
<li style=""text-align: left;"">Respectueux avec la durabilité environnementale</li>
</ul>
</div>
</div>
<p> </p>
<div style=""text-align: center;""> </div>",,Pop Pet Sweatpants,"Vêtements full-printing imprimés en 3D. T-shirts, sweatshirts, chaussettes, débardeur, accessoires et bien plus encore. Tous imprimés sur coton 100% avec des dessins hyperréalistes.",pop-pet-sweatpants
1586,Ilusion Sweatpants,"<div style=""text-align: center;"">
<p style=""text-align: left;"">Nos vêtements ne rétrécissent pas et les coleurs disparaissent jamais. Nous utilisons des colorants naturels complètement exempt de substances nocives (Oeko-Tex Standard 100 - certification). Chaque vêtement est fait en vertu d'un processus manuel teinté avec des colorants à base d'eau et amicales avec l'environnement . Notre système d'impression est un processus unique qui permet d'imprimer directement sur les fibres des produits afin d'assurer réalisme et durabilité dans les couleurs . Merci à cela, nos vêtements peut être repassé sans perdre les propriétés.</p>
<div style=""text-align: left;""> </div>
<div style=""text-align: left;""> </div>
<br />
<div style=""text-align: left;""><strong>Caractéristiques:</strong></div>
<div style=""text-align: left;""> </div>
<br />
<div>
<ul>
<li style=""text-align: left;"">100% coton premium</li>
<li style=""text-align: left;"">Pré - lavé, toujours garde les propriétés</li>
<li style=""text-align: left;"">Couleurs et Dessins, réalistes</li>
<li style=""text-align: left;"">Colorants à base d'eau</li>
<li style=""text-align: left;"">Libre de substances nocives (Certificación Oeko-Tex Standard 100)</li>
<li style=""text-align: left;"">Respectueux avec la durabilité environnementale</li>
</ul>
</div>
</div>
<p> </p>
<div style=""text-align: center;""> </div>",,Ilusion Sweatpants,"Vêtements full-printing imprimés en 3D. T-shirts, sweatshirts, chaussettes, débardeur, accessoires et bien plus encore. Tous imprimés sur coton 100% avec des dessins hyperréalistes.",ilusion-sweatpants
1587,Elephant Art Sweatpants,"<div style=""text-align: center;"">
<p style=""text-align: left;"">Nos vêtements ne rétrécissent pas et les coleurs disparaissent jamais. Nous utilisons des colorants naturels complètement exempt de substances nocives (Oeko-Tex Standard 100 - certification). Chaque vêtement est fait en vertu d'un processus manuel teinté avec des colorants à base d'eau et amicales avec l'environnement . Notre système d'impression est un processus unique qui permet d'imprimer directement sur les fibres des produits afin d'assurer réalisme et durabilité dans les couleurs . Merci à cela, nos vêtements peut être repassé sans perdre les propriétés.</p>
<div style=""text-align: left;""> </div>
<div style=""text-align: left;""> </div>
<br />
<div style=""text-align: left;""><strong>Caractéristiques:</strong></div>
<div style=""text-align: left;""> </div>
<br />
<div>
<ul>
<li style=""text-align: left;"">100% coton premium</li>
<li style=""text-align: left;"">Pré - lavé, toujours garde les propriétés</li>
<li style=""text-align: left;"">Couleurs et Dessins, réalistes</li>
<li style=""text-align: left;"">Colorants à base d'eau</li>
<li style=""text-align: left;"">Libre de substances nocives (Certificación Oeko-Tex Standard 100)</li>
<li style=""text-align: left;"">Respectueux avec la durabilité environnementale</li>
</ul>
</div>
</div>
<p> </p>
<div style=""text-align: center;""> </div>",,Elephant Art Sweatpants,"Vêtements full-printing imprimés en 3D. T-shirts, sweatshirts, chaussettes, débardeur, accessoires et bien plus encore. Tous imprimés sur coton 100% avec des dessins hyperréalistes.",elephant-art-sweatpants
1588,Game Grass Sweatpants,"<div style=""text-align: center;"">
<p style=""text-align: left;"">Nos vêtements ne rétrécissent pas et les coleurs disparaissent jamais. Nous utilisons des colorants naturels complètement exempt de substances nocives (Oeko-Tex Standard 100 - certification). Chaque vêtement est fait en vertu d'un processus manuel teinté avec des colorants à base d'eau et amicales avec l'environnement . Notre système d'impression est un processus unique qui permet d'imprimer directement sur les fibres des produits afin d'assurer réalisme et durabilité dans les couleurs . Merci à cela, nos vêtements peut être repassé sans perdre les propriétés.</p>
<div style=""text-align: left;""> </div>
<div style=""text-align: left;""> </div>
<br />
<div style=""text-align: left;""><strong>Caractéristiques:</strong></div>
<div style=""text-align: left;""> </div>
<br />
<div>
<ul>
<li style=""text-align: left;"">100% coton premium</li>
<li style=""text-align: left;"">Pré - lavé, toujours garde les propriétés</li>
<li style=""text-align: left;"">Couleurs et Dessins, réalistes</li>
<li style=""text-align: left;"">Colorants à base d'eau</li>
<li style=""text-align: left;"">Libre de substances nocives (Certificación Oeko-Tex Standard 100)</li>
<li style=""text-align: left;"">Respectueux avec la durabilité environnementale</li>
</ul>
</div>
</div>
<p> </p>
<div style=""text-align: center;""> </div>",,Game Grass Sweatpants,"Vêtements full-printing imprimés en 3D. T-shirts, sweatshirts, chaussettes, débardeur, accessoires et bien plus encore. Tous imprimés sur coton 100% avec des dessins hyperréalistes.",game-grass-sweatpants
1589,Sweet Bananas Sweatpants,"<div style=""text-align: center;"">
<p style=""text-align: left;"">Nos vêtements ne rétrécissent pas et les coleurs disparaissent jamais. Nous utilisons des colorants naturels complètement exempt de substances nocives (Oeko-Tex Standard 100 - certification). Chaque vêtement est fait en vertu d'un processus manuel teinté avec des colorants à base d'eau et amicales avec l'environnement . Notre système d'impression est un processus unique qui permet d'imprimer directement sur les fibres des produits afin d'assurer réalisme et durabilité dans les couleurs . Merci à cela, nos vêtements peut être repassé sans perdre les propriétés.</p>
<div style=""text-align: left;""> </div>
<div style=""text-align: left;""> </div>
<br />
<div style=""text-align: left;""><strong>Caractéristiques:</strong></div>
<div style=""text-align: left;""> </div>
<br />
<div>
<ul>
<li style=""text-align: left;"">100% coton premium</li>
<li style=""text-align: left;"">Pré - lavé, toujours garde les propriétés</li>
<li style=""text-align: left;"">Couleurs et Dessins, réalistes</li>
<li style=""text-align: left;"">Colorants à base d'eau</li>
<li style=""text-align: left;"">Libre de substances nocives (Certificación Oeko-Tex Standard 100)</li>
<li style=""text-align: left;"">Respectueux avec la durabilité environnementale</li>
</ul>
</div>
</div>
<p> </p>
<div style=""text-align: center;""> </div>",,Sweet Bananas Sweatpants,"Vêtements full-printing imprimés en 3D. T-shirts, sweatshirts, chaussettes, débardeur, accessoires et bien plus encore. Tous imprimés sur coton 100% avec des dessins hyperréalistes.",sweet-bananas-sweatpants
1590,Blue Ilusion Sweatpants,"<div style=""text-align: center;"">
<p style=""text-align: left;"">Nos vêtements ne rétrécissent pas et les coleurs disparaissent jamais. Nous utilisons des colorants naturels complètement exempt de substances nocives (Oeko-Tex Standard 100 - certification). Chaque vêtement est fait en vertu d'un processus manuel teinté avec des colorants à base d'eau et amicales avec l'environnement . Notre système d'impression est un processus unique qui permet d'imprimer directement sur les fibres des produits afin d'assurer réalisme et durabilité dans les couleurs . Merci à cela, nos vêtements peut être repassé sans perdre les propriétés.</p>
<div style=""text-align: left;""> </div>
<div style=""text-align: left;""> </div>
<br />
<div style=""text-align: left;""><strong>Caractéristiques:</strong></div>
<div style=""text-align: left;""> </div>
<br />
<div>
<ul>
<li style=""text-align: left;"">100% coton premium</li>
<li style=""text-align: left;"">Pré - lavé, toujours garde les propriétés</li>
<li style=""text-align: left;"">Couleurs et Dessins, réalistes</li>
<li style=""text-align: left;"">Colorants à base d'eau</li>
<li style=""text-align: left;"">Libre de substances nocives (Certificación Oeko-Tex Standard 100)</li>
<li style=""text-align: left;"">Respectueux avec la durabilité environnementale</li>
</ul>
</div>
</div>
<p> </p>
<div style=""text-align: center;""> </div>",,Blue Ilusion Sweatpants,"Vêtements full-printing imprimés en 3D. T-shirts, sweatshirts, chaussettes, débardeur, accessoires et bien plus encore. Tous imprimés sur coton 100% avec des dessins hyperréalistes.",blue-ilusion-sweatpants
1591,Space Toons Sweatpants,"<div style=""text-align: center;"">
<p style=""text-align: left;"">Nos vêtements ne rétrécissent pas et les coleurs disparaissent jamais. Nous utilisons des colorants naturels complètement exempt de substances nocives (Oeko-Tex Standard 100 - certification). Chaque vêtement est fait en vertu d'un processus manuel teinté avec des colorants à base d'eau et amicales avec l'environnement . Notre système d'impression est un processus unique qui permet d'imprimer directement sur les fibres des produits afin d'assurer réalisme et durabilité dans les couleurs . Merci à cela, nos vêtements peut être repassé sans perdre les propriétés.</p>
<div style=""text-align: left;""> </div>
<div style=""text-align: left;""> </div>
<br />
<div style=""text-align: left;""><strong>Caractéristiques:</strong></div>
<div style=""text-align: left;""> </div>
<br />
<div>
<ul>
<li style=""text-align: left;"">100% coton premium</li>
<li style=""text-align: left;"">Pré - lavé, toujours garde les propriétés</li>
<li style=""text-align: left;"">Couleurs et Dessins, réalistes</li>
<li style=""text-align: left;"">Colorants à base d'eau</li>
<li style=""text-align: left;"">Libre de substances nocives (Certificación Oeko-Tex Standard 100)</li>
<li style=""text-align: left;"">Respectueux avec la durabilité environnementale</li>
</ul>
</div>
</div>
<p> </p>
<div style=""text-align: center;""> </div>",,Space Toons Sweatpants,"Vêtements full-printing imprimés en 3D. T-shirts, sweatshirts, chaussettes, débardeur, accessoires et bien plus encore. Tous imprimés sur coton 100% avec des dessins hyperréalistes.",space-toons-sweatpants
1592,80s Flow Sweatpants,"<div style=""text-align: center;"">
<p style=""text-align: left;"">Nos vêtements ne rétrécissent pas et les coleurs disparaissent jamais. Nous utilisons des colorants naturels complètement exempt de substances nocives (Oeko-Tex Standard 100 - certification). Chaque vêtement est fait en vertu d'un processus manuel teinté avec des colorants à base d'eau et amicales avec l'environnement . Notre système d'impression est un processus unique qui permet d'imprimer directement sur les fibres des produits afin d'assurer réalisme et durabilité dans les couleurs . Merci à cela, nos vêtements peut être repassé sans perdre les propriétés.</p>
<div style=""text-align: left;""> </div>
<div style=""text-align: left;""> </div>
<br />
<div style=""text-align: left;""><strong>Caractéristiques:</strong></div>
<div style=""text-align: left;""> </div>
<br />
<div>
<ul>
<li style=""text-align: left;"">100% coton premium</li>
<li style=""text-align: left;"">Pré - lavé, toujours garde les propriétés</li>
<li style=""text-align: left;"">Couleurs et Dessins, réalistes</li>
<li style=""text-align: left;"">Colorants à base d'eau</li>
<li style=""text-align: left;"">Libre de substances nocives (Certificación Oeko-Tex Standard 100)</li>
<li style=""text-align: left;"">Respectueux avec la durabilité environnementale</li>
</ul>
</div>
</div>
<p> </p>
<div style=""text-align: center;""> </div>",,80s Flow Sweatpants,"Vêtements full-printing imprimés en 3D. T-shirts, sweatshirts, chaussettes, débardeur, accessoires et bien plus encore. Tous imprimés sur coton 100% avec des dessins hyperréalistes.",80s-flow-sweatpants
1593,Sluggish Toons Sweatpants,"<div style=""text-align: center;"">
<p style=""text-align: left;"">Nos vêtements ne rétrécissent pas et les coleurs disparaissent jamais. Nous utilisons des colorants naturels complètement exempt de substances nocives (Oeko-Tex Standard 100 - certification). Chaque vêtement est fait en vertu d'un processus manuel teinté avec des colorants à base d'eau et amicales avec l'environnement . Notre système d'impression est un processus unique qui permet d'imprimer directement sur les fibres des produits afin d'assurer réalisme et durabilité dans les couleurs . Merci à cela, nos vêtements peut être repassé sans perdre les propriétés.</p>
<div style=""text-align: left;""> </div>
<div style=""text-align: left;""> </div>
<br />
<div style=""text-align: left;""><strong>Caractéristiques:</strong></div>
<div style=""text-align: left;""> </div>
<br />
<div>
<ul>
<li style=""text-align: left;"">100% coton premium</li>
<li style=""text-align: left;"">Pré - lavé, toujours garde les propriétés</li>
<li style=""text-align: left;"">Couleurs et Dessins, réalistes</li>
<li style=""text-align: left;"">Colorants à base d'eau</li>
<li style=""text-align: left;"">Libre de substances nocives (Certificación Oeko-Tex Standard 100)</li>
<li style=""text-align: left;"">Respectueux avec la durabilité environnementale</li>
</ul>
</div>
</div>
<p> </p>
<div style=""text-align: center;""> </div>",,Sluggish Toons Sweatpants,"Vêtements full-printing imprimés en 3D. T-shirts, sweatshirts, chaussettes, débardeur, accessoires et bien plus encore. Tous imprimés sur coton 100% avec des dessins hyperréalistes.",sluggish-toons-sweatpants
1594,Sushi Pack Long T-shirt,"<div style=""text-align: center;"">
<p style=""text-align: left;"">Nos vêtements ne rétrécissent pas et les coleurs disparaissent jamais. Nous utilisons des colorants naturels complètement exempt de substances nocives (Oeko-Tex Standard 100 - certification). Chaque vêtement est fait en vertu d'un processus manuel teinté avec des colorants à base d'eau et amicales avec l'environnement . Notre système d'impression est un processus unique qui permet d'imprimer directement sur les fibres des produits afin d'assurer réalisme et durabilité dans les couleurs . Merci à cela, nos vêtements peut être repassé sans perdre les propriétés.</p>
<div style=""text-align: left;""> </div>
<div style=""text-align: left;""> </div>
<br />
<div style=""text-align: left;""><strong>Caractéristiques:</strong></div>
<div style=""text-align: left;""> </div>
<br />
<div>
<ul>
<li style=""text-align: left;"">100% coton premium</li>
<li style=""text-align: left;"">Pré - lavé, toujours garde les propriétés</li>
<li style=""text-align: left;"">Couleurs et Dessins, réalistes</li>
<li style=""text-align: left;"">Colorants à base d'eau</li>
<li style=""text-align: left;"">Libre de substances nocives (Certificación Oeko-Tex Standard 100)</li>
<li style=""text-align: left;"">Respectueux avec la durabilité environnementale</li>
</ul>
</div>
</div>
<p> </p>
<div style=""text-align: center;""> </div>",,Sushi Pack Long T-shirt,"Vêtements full-printing imprimés en 3D. T-shirts, sweatshirts, chaussettes, débardeur, accessoires et bien plus encore. Tous imprimés sur coton 100% avec des dessins hyperréalistes.",sushi-pack-long-t-shirt
1595,Spicy Chili Long T-shirt,"<div style=""text-align: center;"">
<p style=""text-align: left;"">Nos vêtements ne rétrécissent pas et les coleurs disparaissent jamais. Nous utilisons des colorants naturels complètement exempt de substances nocives (Oeko-Tex Standard 100 - certification). Chaque vêtement est fait en vertu d'un processus manuel teinté avec des colorants à base d'eau et amicales avec l'environnement . Notre système d'impression est un processus unique qui permet d'imprimer directement sur les fibres des produits afin d'assurer réalisme et durabilité dans les couleurs . Merci à cela, nos vêtements peut être repassé sans perdre les propriétés.</p>
<div style=""text-align: left;""> </div>
<div style=""text-align: left;""> </div>
<br />
<div style=""text-align: left;""><strong>Caractéristiques:</strong></div>
<div style=""text-align: left;""> </div>
<br />
<div>
<ul>
<li style=""text-align: left;"">100% coton premium</li>
<li style=""text-align: left;"">Pré - lavé, toujours garde les propriétés</li>
<li style=""text-align: left;"">Couleurs et Dessins, réalistes</li>
<li style=""text-align: left;"">Colorants à base d'eau</li>
<li style=""text-align: left;"">Libre de substances nocives (Certificación Oeko-Tex Standard 100)</li>
<li style=""text-align: left;"">Respectueux avec la durabilité environnementale</li>
</ul>
</div>
</div>
<p> </p>
<div style=""text-align: center;""> </div>",,Spicy Chili Long T-shirt,"Vêtements full-printing imprimés en 3D. T-shirts, sweatshirts, chaussettes, débardeur, accessoires et bien plus encore. Tous imprimés sur coton 100% avec des dessins hyperréalistes.",spicy-chili-long-t-shirt
1596,Old News Papper Long T-shirt,"<div style=""text-align: center;"">
<p style=""text-align: left;"">Nos vêtements ne rétrécissent pas et les coleurs disparaissent jamais. Nous utilisons des colorants naturels complètement exempt de substances nocives (Oeko-Tex Standard 100 - certification). Chaque vêtement est fait en vertu d'un processus manuel teinté avec des colorants à base d'eau et amicales avec l'environnement . Notre système d'impression est un processus unique qui permet d'imprimer directement sur les fibres des produits afin d'assurer réalisme et durabilité dans les couleurs . Merci à cela, nos vêtements peut être repassé sans perdre les propriétés.</p>
<div style=""text-align: left;""> </div>
<div style=""text-align: left;""> </div>
<br />
<div style=""text-align: left;""><strong>Caractéristiques:</strong></div>
<div style=""text-align: left;""> </div>
<br />
<div>
<ul>
<li style=""text-align: left;"">100% coton premium</li>
<li style=""text-align: left;"">Pré - lavé, toujours garde les propriétés</li>
<li style=""text-align: left;"">Couleurs et Dessins, réalistes</li>
<li style=""text-align: left;"">Colorants à base d'eau</li>
<li style=""text-align: left;"">Libre de substances nocives (Certificación Oeko-Tex Standard 100)</li>
<li style=""text-align: left;"">Respectueux avec la durabilité environnementale</li>
</ul>
</div>
</div>
<p> </p>
<div style=""text-align: center;""> </div>",,Old News Papper Long T-shirt,"Vêtements full-printing imprimés en 3D. T-shirts, sweatshirts, chaussettes, débardeur, accessoires et bien plus encore. Tous imprimés sur coton 100% avec des dessins hyperréalistes.",old-news-papper-long-t-shirt
1597,Alphabet Long T-shirt,"<div style=""text-align: center;"">
<p style=""text-align: left;"">Nos vêtements ne rétrécissent pas et les coleurs disparaissent jamais. Nous utilisons des colorants naturels complètement exempt de substances nocives (Oeko-Tex Standard 100 - certification). Chaque vêtement est fait en vertu d'un processus manuel teinté avec des colorants à base d'eau et amicales avec l'environnement . Notre système d'impression est un processus unique qui permet d'imprimer directement sur les fibres des produits afin d'assurer réalisme et durabilité dans les couleurs . Merci à cela, nos vêtements peut être repassé sans perdre les propriétés.</p>
<div style=""text-align: left;""> </div>
<div style=""text-align: left;""> </div>
<br />
<div style=""text-align: left;""><strong>Caractéristiques:</strong></div>
<div style=""text-align: left;""> </div>
<br />
<div>
<ul>
<li style=""text-align: left;"">100% coton premium</li>
<li style=""text-align: left;"">Pré - lavé, toujours garde les propriétés</li>
<li style=""text-align: left;"">Couleurs et Dessins, réalistes</li>
<li style=""text-align: left;"">Colorants à base d'eau</li>
<li style=""text-align: left;"">Libre de substances nocives (Certificación Oeko-Tex Standard 100)</li>
<li style=""text-align: left;"">Respectueux avec la durabilité environnementale</li>
</ul>
</div>
</div>
<p> </p>
<div style=""text-align: center;""> </div>",,Alphabet Long T-shirt,"Vêtements full-printing imprimés en 3D. T-shirts, sweatshirts, chaussettes, débardeur, accessoires et bien plus encore. Tous imprimés sur coton 100% avec des dessins hyperréalistes.",alphabet-long-t-shirt
1598,Lego Texture Long T-shirt,"<div style=""text-align: center;"">
<p style=""text-align: left;"">Nos vêtements ne rétrécissent pas et les coleurs disparaissent jamais. Nous utilisons des colorants naturels complètement exempt de substances nocives (Oeko-Tex Standard 100 - certification). Chaque vêtement est fait en vertu d'un processus manuel teinté avec des colorants à base d'eau et amicales avec l'environnement . Notre système d'impression est un processus unique qui permet d'imprimer directement sur les fibres des produits afin d'assurer réalisme et durabilité dans les couleurs . Merci à cela, nos vêtements peut être repassé sans perdre les propriétés.</p>
<div style=""text-align: left;""> </div>
<div style=""text-align: left;""> </div>
<br />
<div style=""text-align: left;""><strong>Caractéristiques:</strong></div>
<div style=""text-align: left;""> </div>
<br />
<div>
<ul>
<li style=""text-align: left;"">100% coton premium</li>
<li style=""text-align: left;"">Pré - lavé, toujours garde les propriétés</li>
<li style=""text-align: left;"">Couleurs et Dessins, réalistes</li>
<li style=""text-align: left;"">Colorants à base d'eau</li>
<li style=""text-align: left;"">Libre de substances nocives (Certificación Oeko-Tex Standard 100)</li>
<li style=""text-align: left;"">Respectueux avec la durabilité environnementale</li>
</ul>
</div>
</div>
<p> </p>
<div style=""text-align: center;""> </div>",,Lego Texture Long T-shirt,"Vêtements full-printing imprimés en 3D. T-shirts, sweatshirts, chaussettes, débardeur, accessoires et bien plus encore. Tous imprimés sur coton 100% avec des dessins hyperréalistes.",lego-texture-long-t-shirt
1599,Captian Monkey Long T-shirt,"<div style=""text-align: center;"">
<p style=""text-align: left;"">Nos vêtements ne rétrécissent pas et les coleurs disparaissent jamais. Nous utilisons des colorants naturels complètement exempt de substances nocives (Oeko-Tex Standard 100 - certification). Chaque vêtement est fait en vertu d'un processus manuel teinté avec des colorants à base d'eau et amicales avec l'environnement . Notre système d'impression est un processus unique qui permet d'imprimer directement sur les fibres des produits afin d'assurer réalisme et durabilité dans les couleurs . Merci à cela, nos vêtements peut être repassé sans perdre les propriétés.</p>
<div style=""text-align: left;""> </div>
<div style=""text-align: left;""> </div>
<br />
<div style=""text-align: left;""><strong>Caractéristiques:</strong></div>
<div style=""text-align: left;""> </div>
<br />
<div>
<ul>
<li style=""text-align: left;"">100% coton premium</li>
<li style=""text-align: left;"">Pré - lavé, toujours garde les propriétés</li>
<li style=""text-align: left;"">Couleurs et Dessins, réalistes</li>
<li style=""text-align: left;"">Colorants à base d'eau</li>
<li style=""text-align: left;"">Libre de substances nocives (Certificación Oeko-Tex Standard 100)</li>
<li style=""text-align: left;"">Respectueux avec la durabilité environnementale</li>
</ul>
</div>
</div>
<p> </p>
<div style=""text-align: center;""> </div>",,Captian Monkey Long T-shirt,"Vêtements full-printing imprimés en 3D. T-shirts, sweatshirts, chaussettes, débardeur, accessoires et bien plus encore. Tous imprimés sur coton 100% avec des dessins hyperréalistes.",captian-monkey-long-t-shirt
1600,Toons Long T-shirt,"<div style=""text-align: center;"">
<p style=""text-align: left;"">Nos vêtements ne rétrécissent pas et les coleurs disparaissent jamais. Nous utilisons des colorants naturels complètement exempt de substances nocives (Oeko-Tex Standard 100 - certification). Chaque vêtement est fait en vertu d'un processus manuel teinté avec des colorants à base d'eau et amicales avec l'environnement . Notre système d'impression est un processus unique qui permet d'imprimer directement sur les fibres des produits afin d'assurer réalisme et durabilité dans les couleurs . Merci à cela, nos vêtements peut être repassé sans perdre les propriétés.</p>
<div style=""text-align: left;""> </div>
<div style=""text-align: left;""> </div>
<br />
<div style=""text-align: left;""><strong>Caractéristiques:</strong></div>
<div style=""text-align: left;""> </div>
<br />
<div>
<ul>
<li style=""text-align: left;"">100% coton premium</li>
<li style=""text-align: left;"">Pré - lavé, toujours garde les propriétés</li>
<li style=""text-align: left;"">Couleurs et Dessins, réalistes</li>
<li style=""text-align: left;"">Colorants à base d'eau</li>
<li style=""text-align: left;"">Libre de substances nocives (Certificación Oeko-Tex Standard 100)</li>
<li style=""text-align: left;"">Respectueux avec la durabilité environnementale</li>
</ul>
</div>
</div>
<p> </p>
<div style=""text-align: center;""> </div>",,Toons Long T-shirt,"Vêtements full-printing imprimés en 3D. T-shirts, sweatshirts, chaussettes, débardeur, accessoires et bien plus encore. Tous imprimés sur coton 100% avec des dessins hyperréalistes.",toons-long-t-shirt
1601,Marching Monkey Long T-shirt,"<div style=""text-align: center;"">
<p style=""text-align: left;"">Nos vêtements ne rétrécissent pas et les coleurs disparaissent jamais. Nous utilisons des colorants naturels complètement exempt de substances nocives (Oeko-Tex Standard 100 - certification). Chaque vêtement est fait en vertu d'un processus manuel teinté avec des colorants à base d'eau et amicales avec l'environnement . Notre système d'impression est un processus unique qui permet d'imprimer directement sur les fibres des produits afin d'assurer réalisme et durabilité dans les couleurs . Merci à cela, nos vêtements peut être repassé sans perdre les propriétés.</p>
<div style=""text-align: left;""> </div>
<div style=""text-align: left;""> </div>
<br />
<div style=""text-align: left;""><strong>Caractéristiques:</strong></div>
<div style=""text-align: left;""> </div>
<br />
<div>
<ul>
<li style=""text-align: left;"">100% coton premium</li>
<li style=""text-align: left;"">Pré - lavé, toujours garde les propriétés</li>
<li style=""text-align: left;"">Couleurs et Dessins, réalistes</li>
<li style=""text-align: left;"">Colorants à base d'eau</li>
<li style=""text-align: left;"">Libre de substances nocives (Certificación Oeko-Tex Standard 100)</li>
<li style=""text-align: left;"">Respectueux avec la durabilité environnementale</li>
</ul>
</div>
</div>
<p> </p>
<div style=""text-align: center;""> </div>",,Marching Monkey Long T-shirt,"Vêtements full-printing imprimés en 3D. T-shirts, sweatshirts, chaussettes, débardeur, accessoires et bien plus encore. Tous imprimés sur coton 100% avec des dessins hyperréalistes.",marching-monkey-long-t-shirt
1602,Hey Monster Long T-shirt,"<div style=""text-align: center;"">
<p style=""text-align: left;"">Nos vêtements ne rétrécissent pas et les coleurs disparaissent jamais. Nous utilisons des colorants naturels complètement exempt de substances nocives (Oeko-Tex Standard 100 - certification). Chaque vêtement est fait en vertu d'un processus manuel teinté avec des colorants à base d'eau et amicales avec l'environnement . Notre système d'impression est un processus unique qui permet d'imprimer directement sur les fibres des produits afin d'assurer réalisme et durabilité dans les couleurs . Merci à cela, nos vêtements peut être repassé sans perdre les propriétés.</p>
<div style=""text-align: left;""> </div>
<div style=""text-align: left;""> </div>
<br />
<div style=""text-align: left;""><strong>Caractéristiques:</strong></div>
<div style=""text-align: left;""> </div>
<br />
<div>
<ul>
<li style=""text-align: left;"">100% coton premium</li>
<li style=""text-align: left;"">Pré - lavé, toujours garde les propriétés</li>
<li style=""text-align: left;"">Couleurs et Dessins, réalistes</li>
<li style=""text-align: left;"">Colorants à base d'eau</li>
<li style=""text-align: left;"">Libre de substances nocives (Certificación Oeko-Tex Standard 100)</li>
<li style=""text-align: left;"">Respectueux avec la durabilité environnementale</li>
</ul>
</div>
</div>
<p> </p>
<div style=""text-align: center;""> </div>",,Hey Monster Long T-shirt,"Vêtements full-printing imprimés en 3D. T-shirts, sweatshirts, chaussettes, débardeur, accessoires et bien plus encore. Tous imprimés sur coton 100% avec des dessins hyperréalistes.",hey-monster-long-t-shirt
1603,Blue Marine Long T-shirt,"<div style=""text-align: center;"">
<p style=""text-align: left;"">Nos vêtements ne rétrécissent pas et les coleurs disparaissent jamais. Nous utilisons des colorants naturels complètement exempt de substances nocives (Oeko-Tex Standard 100 - certification). Chaque vêtement est fait en vertu d'un processus manuel teinté avec des colorants à base d'eau et amicales avec l'environnement . Notre système d'impression est un processus unique qui permet d'imprimer directement sur les fibres des produits afin d'assurer réalisme et durabilité dans les couleurs . Merci à cela, nos vêtements peut être repassé sans perdre les propriétés.</p>
<div style=""text-align: left;""> </div>
<div style=""text-align: left;""> </div>
<br />
<div style=""text-align: left;""><strong>Caractéristiques:</strong></div>
<div style=""text-align: left;""> </div>
<br />
<div>
<ul>
<li style=""text-align: left;"">100% coton premium</li>
<li style=""text-align: left;"">Pré - lavé, toujours garde les propriétés</li>
<li style=""text-align: left;"">Couleurs et Dessins, réalistes</li>
<li style=""text-align: left;"">Colorants à base d'eau</li>
<li style=""text-align: left;"">Libre de substances nocives (Certificación Oeko-Tex Standard 100)</li>
<li style=""text-align: left;"">Respectueux avec la durabilité environnementale</li>
</ul>
</div>
</div>
<p> </p>
<div style=""text-align: center;""> </div>",,Blue Marine Long T-shirt,"Vêtements full-printing imprimés en 3D. T-shirts, sweatshirts, chaussettes, débardeur, accessoires et bien plus encore. Tous imprimés sur coton 100% avec des dessins hyperréalistes.",blue-marine-long-t-shirt
1604,80s Flow Long T-shirt,"<div style=""text-align: center;"">
<p style=""text-align: left;"">Nos vêtements ne rétrécissent pas et les coleurs disparaissent jamais. Nous utilisons des colorants naturels complètement exempt de substances nocives (Oeko-Tex Standard 100 - certification). Chaque vêtement est fait en vertu d'un processus manuel teinté avec des colorants à base d'eau et amicales avec l'environnement . Notre système d'impression est un processus unique qui permet d'imprimer directement sur les fibres des produits afin d'assurer réalisme et durabilité dans les couleurs . Merci à cela, nos vêtements peut être repassé sans perdre les propriétés.</p>
<div style=""text-align: left;""> </div>
<div style=""text-align: left;""> </div>
<br />
<div style=""text-align: left;""><strong>Caractéristiques:</strong></div>
<div style=""text-align: left;""> </div>
<br />
<div>
<ul>
<li style=""text-align: left;"">100% coton premium</li>
<li style=""text-align: left;"">Pré - lavé, toujours garde les propriétés</li>
<li style=""text-align: left;"">Couleurs et Dessins, réalistes</li>
<li style=""text-align: left;"">Colorants à base d'eau</li>
<li style=""text-align: left;"">Libre de substances nocives (Certificación Oeko-Tex Standard 100)</li>
<li style=""text-align: left;"">Respectueux avec la durabilité environnementale</li>
</ul>
</div>
</div>
<p> </p>
<div style=""text-align: center;""> </div>",,80s Flow Long T-shirt,"Vêtements full-printing imprimés en 3D. T-shirts, sweatshirts, chaussettes, débardeur, accessoires et bien plus encore. Tous imprimés sur coton 100% avec des dessins hyperréalistes.",80s-flow-long-t-shirt
1605,Gemetrical Fox Long T-shirt,"<div style=""text-align: center;"">
<p style=""text-align: left;"">Nos vêtements ne rétrécissent pas et les coleurs disparaissent jamais. Nous utilisons des colorants naturels complètement exempt de substances nocives (Oeko-Tex Standard 100 - certification). Chaque vêtement est fait en vertu d'un processus manuel teinté avec des colorants à base d'eau et amicales avec l'environnement . Notre système d'impression est un processus unique qui permet d'imprimer directement sur les fibres des produits afin d'assurer réalisme et durabilité dans les couleurs . Merci à cela, nos vêtements peut être repassé sans perdre les propriétés.</p>
<div style=""text-align: left;""> </div>
<div style=""text-align: left;""> </div>
<br />
<div style=""text-align: left;""><strong>Caractéristiques:</strong></div>
<div style=""text-align: left;""> </div>
<br />
<div>
<ul>
<li style=""text-align: left;"">100% coton premium</li>
<li style=""text-align: left;"">Pré - lavé, toujours garde les propriétés</li>
<li style=""text-align: left;"">Couleurs et Dessins, réalistes</li>
<li style=""text-align: left;"">Colorants à base d'eau</li>
<li style=""text-align: left;"">Libre de substances nocives (Certificación Oeko-Tex Standard 100)</li>
<li style=""text-align: left;"">Respectueux avec la durabilité environnementale</li>
</ul>
</div>
</div>
<p> </p>
<div style=""text-align: center;""> </div>",,Gemetrical Fox Long T-shirt,"Vêtements full-printing imprimés en 3D. T-shirts, sweatshirts, chaussettes, débardeur, accessoires et bien plus encore. Tous imprimés sur coton 100% avec des dessins hyperréalistes.",gemetrical-fox-long-t-shirt
1606,Italian Dashboard Long T-shirt,"<div style=""text-align: center;"">
<p style=""text-align: left;"">Nos vêtements ne rétrécissent pas et les coleurs disparaissent jamais. Nous utilisons des colorants naturels complètement exempt de substances nocives (Oeko-Tex Standard 100 - certification). Chaque vêtement est fait en vertu d'un processus manuel teinté avec des colorants à base d'eau et amicales avec l'environnement . Notre système d'impression est un processus unique qui permet d'imprimer directement sur les fibres des produits afin d'assurer réalisme et durabilité dans les couleurs . Merci à cela, nos vêtements peut être repassé sans perdre les propriétés.</p>
<div style=""text-align: left;""> </div>
<div style=""text-align: left;""> </div>
<br />
<div style=""text-align: left;""><strong>Caractéristiques:</strong></div>
<div style=""text-align: left;""> </div>
<br />
<div>
<ul>
<li style=""text-align: left;"">100% coton premium</li>
<li style=""text-align: left;"">Pré - lavé, toujours garde les propriétés</li>
<li style=""text-align: left;"">Couleurs et Dessins, réalistes</li>
<li style=""text-align: left;"">Colorants à base d'eau</li>
<li style=""text-align: left;"">Libre de substances nocives (Certificación Oeko-Tex Standard 100)</li>
<li style=""text-align: left;"">Respectueux avec la durabilité environnementale</li>
</ul>
</div>
</div>
<p> </p>
<div style=""text-align: center;""> </div>",,Italian Dashboard Long T-shirt,"Vêtements full-printing imprimés en 3D. T-shirts, sweatshirts, chaussettes, débardeur, accessoires et bien plus encore. Tous imprimés sur coton 100% avec des dessins hyperréalistes.",italian-dashboard-long-t-shirt
1607,Pasta Toons Long T-shirt,"<div style=""text-align: center;"">
<p style=""text-align: left;"">Nos vêtements ne rétrécissent pas et les coleurs disparaissent jamais. Nous utilisons des colorants naturels complètement exempt de substances nocives (Oeko-Tex Standard 100 - certification). Chaque vêtement est fait en vertu d'un processus manuel teinté avec des colorants à base d'eau et amicales avec l'environnement . Notre système d'impression est un processus unique qui permet d'imprimer directement sur les fibres des produits afin d'assurer réalisme et durabilité dans les couleurs . Merci à cela, nos vêtements peut être repassé sans perdre les propriétés.</p>
<div style=""text-align: left;""> </div>
<div style=""text-align: left;""> </div>
<br />
<div style=""text-align: left;""><strong>Caractéristiques:</strong></div>
<div style=""text-align: left;""> </div>
<br />
<div>
<ul>
<li style=""text-align: left;"">100% coton premium</li>
<li style=""text-align: left;"">Pré - lavé, toujours garde les propriétés</li>
<li style=""text-align: left;"">Couleurs et Dessins, réalistes</li>
<li style=""text-align: left;"">Colorants à base d'eau</li>
<li style=""text-align: left;"">Libre de substances nocives (Certificación Oeko-Tex Standard 100)</li>
<li style=""text-align: left;"">Respectueux avec la durabilité environnementale</li>
</ul>
</div>
</div>
<p> </p>
<div style=""text-align: center;""> </div>",,Pasta Toons Long T-shirt,"Vêtements full-printing imprimés en 3D. T-shirts, sweatshirts, chaussettes, débardeur, accessoires et bien plus encore. Tous imprimés sur coton 100% avec des dessins hyperréalistes.",pasta-toons-long-t-shirt
1608,Florida Mood Long T-shirt,"<div style=""text-align: center;"">
<p style=""text-align: left;"">Nos vêtements ne rétrécissent pas et les coleurs disparaissent jamais. Nous utilisons des colorants naturels complètement exempt de substances nocives (Oeko-Tex Standard 100 - certification). Chaque vêtement est fait en vertu d'un processus manuel teinté avec des colorants à base d'eau et amicales avec l'environnement . Notre système d'impression est un processus unique qui permet d'imprimer directement sur les fibres des produits afin d'assurer réalisme et durabilité dans les couleurs . Merci à cela, nos vêtements peut être repassé sans perdre les propriétés.</p>
<div style=""text-align: left;""> </div>
<div style=""text-align: left;""> </div>
<br />
<div style=""text-align: left;""><strong>Caractéristiques:</strong></div>
<div style=""text-align: left;""> </div>
<br />
<div>
<ul>
<li style=""text-align: left;"">100% coton premium</li>
<li style=""text-align: left;"">Pré - lavé, toujours garde les propriétés</li>
<li style=""text-align: left;"">Couleurs et Dessins, réalistes</li>
<li style=""text-align: left;"">Colorants à base d'eau</li>
<li style=""text-align: left;"">Libre de substances nocives (Certificación Oeko-Tex Standard 100)</li>
<li style=""text-align: left;"">Respectueux avec la durabilité environnementale</li>
</ul>
</div>
</div>
<p> </p>
<div style=""text-align: center;""> </div>",,Florida Mood Long T-shirt,"Vêtements full-printing imprimés en 3D. T-shirts, sweatshirts, chaussettes, débardeur, accessoires et bien plus encore. Tous imprimés sur coton 100% avec des dessins hyperréalistes.",florida-mood-long-t-shirt
1609,Rogue Pony Long T-shirt,"<div style=""text-align: center;"">
<p style=""text-align: left;"">Nos vêtements ne rétrécissent pas et les coleurs disparaissent jamais. Nous utilisons des colorants naturels complètement exempt de substances nocives (Oeko-Tex Standard 100 - certification). Chaque vêtement est fait en vertu d'un processus manuel teinté avec des colorants à base d'eau et amicales avec l'environnement . Notre système d'impression est un processus unique qui permet d'imprimer directement sur les fibres des produits afin d'assurer réalisme et durabilité dans les couleurs . Merci à cela, nos vêtements peut être repassé sans perdre les propriétés.</p>
<div style=""text-align: left;""> </div>
<div style=""text-align: left;""> </div>
<br />
<div style=""text-align: left;""><strong>Caractéristiques:</strong></div>
<div style=""text-align: left;""> </div>
<br />
<div>
<ul>
<li style=""text-align: left;"">100% coton premium</li>
<li style=""text-align: left;"">Pré - lavé, toujours garde les propriétés</li>
<li style=""text-align: left;"">Couleurs et Dessins, réalistes</li>
<li style=""text-align: left;"">Colorants à base d'eau</li>
<li style=""text-align: left;"">Libre de substances nocives (Certificación Oeko-Tex Standard 100)</li>
<li style=""text-align: left;"">Respectueux avec la durabilité environnementale</li>
</ul>
</div>
</div>
<p> </p>
<div style=""text-align: center;""> </div>",,Rogue Pony Long T-shirt,"Vêtements full-printing imprimés en 3D. T-shirts, sweatshirts, chaussettes, débardeur, accessoires et bien plus encore. Tous imprimés sur coton 100% avec des dessins hyperréalistes.",rogue-pony-long-t-shirt
1610,Fall Tree Long T-shirt,"<div style=""text-align: center;"">
<p style=""text-align: left;"">Nos vêtements ne rétrécissent pas et les coleurs disparaissent jamais. Nous utilisons des colorants naturels complètement exempt de substances nocives (Oeko-Tex Standard 100 - certification). Chaque vêtement est fait en vertu d'un processus manuel teinté avec des colorants à base d'eau et amicales avec l'environnement . Notre système d'impression est un processus unique qui permet d'imprimer directement sur les fibres des produits afin d'assurer réalisme et durabilité dans les couleurs . Merci à cela, nos vêtements peut être repassé sans perdre les propriétés.</p>
<div style=""text-align: left;""> </div>
<div style=""text-align: left;""> </div>
<br />
<div style=""text-align: left;""><strong>Caractéristiques:</strong></div>
<div style=""text-align: left;""> </div>
<br />
<div>
<ul>
<li style=""text-align: left;"">100% coton premium</li>
<li style=""text-align: left;"">Pré - lavé, toujours garde les propriétés</li>
<li style=""text-align: left;"">Couleurs et Dessins, réalistes</li>
<li style=""text-align: left;"">Colorants à base d'eau</li>
<li style=""text-align: left;"">Libre de substances nocives (Certificación Oeko-Tex Standard 100)</li>
<li style=""text-align: left;"">Respectueux avec la durabilité environnementale</li>
</ul>
</div>
</div>
<p> </p>
<div style=""text-align: center;""> </div>",,Fall Tree Long T-shirt,"Vêtements full-printing imprimés en 3D. T-shirts, sweatshirts, chaussettes, débardeur, accessoires et bien plus encore. Tous imprimés sur coton 100% avec des dessins hyperréalistes.",fall-tree-long-t-shirt
1611,Fast Food Long T-shirt,"<div style=""text-align: center;"">
<p style=""text-align: left;"">Nos vêtements ne rétrécissent pas et les coleurs disparaissent jamais. Nous utilisons des colorants naturels complètement exempt de substances nocives (Oeko-Tex Standard 100 - certification). Chaque vêtement est fait en vertu d'un processus manuel teinté avec des colorants à base d'eau et amicales avec l'environnement . Notre système d'impression est un processus unique qui permet d'imprimer directement sur les fibres des produits afin d'assurer réalisme et durabilité dans les couleurs . Merci à cela, nos vêtements peut être repassé sans perdre les propriétés.</p>
<div style=""text-align: left;""> </div>
<div style=""text-align: left;""> </div>
<br />
<div style=""text-align: left;""><strong>Caractéristiques:</strong></div>
<div style=""text-align: left;""> </div>
<br />
<div>
<ul>
<li style=""text-align: left;"">100% coton premium</li>
<li style=""text-align: left;"">Pré - lavé, toujours garde les propriétés</li>
<li style=""text-align: left;"">Couleurs et Dessins, réalistes</li>
<li style=""text-align: left;"">Colorants à base d'eau</li>
<li style=""text-align: left;"">Libre de substances nocives (Certificación Oeko-Tex Standard 100)</li>
<li style=""text-align: left;"">Respectueux avec la durabilité environnementale</li>
</ul>
</div>
</div>
<p> </p>
<div style=""text-align: center;""> </div>",,Fast Food Long T-shirt,"Vêtements full-printing imprimés en 3D. T-shirts, sweatshirts, chaussettes, débardeur, accessoires et bien plus encore. Tous imprimés sur coton 100% avec des dessins hyperréalistes.",fast-food-long-t-shirt
1612,Dinosaurs Long T-shirt,"<div style=""text-align: center;"">
<p style=""text-align: left;"">Nos vêtements ne rétrécissent pas et les coleurs disparaissent jamais. Nous utilisons des colorants naturels complètement exempt de substances nocives (Oeko-Tex Standard 100 - certification). Chaque vêtement est fait en vertu d'un processus manuel teinté avec des colorants à base d'eau et amicales avec l'environnement . Notre système d'impression est un processus unique qui permet d'imprimer directement sur les fibres des produits afin d'assurer réalisme et durabilité dans les couleurs . Merci à cela, nos vêtements peut être repassé sans perdre les propriétés.</p>
<div style=""text-align: left;""> </div>
<div style=""text-align: left;""> </div>
<br />
<div style=""text-align: left;""><strong>Caractéristiques:</strong></div>
<div style=""text-align: left;""> </div>
<br />
<div>
<ul>
<li style=""text-align: left;"">100% coton premium</li>
<li style=""text-align: left;"">Pré - lavé, toujours garde les propriétés</li>
<li style=""text-align: left;"">Couleurs et Dessins, réalistes</li>
<li style=""text-align: left;"">Colorants à base d'eau</li>
<li style=""text-align: left;"">Libre de substances nocives (Certificación Oeko-Tex Standard 100)</li>
<li style=""text-align: left;"">Respectueux avec la durabilité environnementale</li>
</ul>
</div>
</div>
<p> </p>
<div style=""text-align: center;""> </div>",,Dinosaurs Long T-shirt,"Vêtements full-printing imprimés en 3D. T-shirts, sweatshirts, chaussettes, débardeur, accessoires et bien plus encore. Tous imprimés sur coton 100% avec des dessins hyperréalistes.",dinosaurs-long-t-shirt
1613,Fire Ball Long T-shirt,"<div style=""text-align: center;"">
<p style=""text-align: left;"">Nos vêtements ne rétrécissent pas et les coleurs disparaissent jamais. Nous utilisons des colorants naturels complètement exempt de substances nocives (Oeko-Tex Standard 100 - certification). Chaque vêtement est fait en vertu d'un processus manuel teinté avec des colorants à base d'eau et amicales avec l'environnement . Notre système d'impression est un processus unique qui permet d'imprimer directement sur les fibres des produits afin d'assurer réalisme et durabilité dans les couleurs . Merci à cela, nos vêtements peut être repassé sans perdre les propriétés.</p>
<div style=""text-align: left;""> </div>
<div style=""text-align: left;""> </div>
<br />
<div style=""text-align: left;""><strong>Caractéristiques:</strong></div>
<div style=""text-align: left;""> </div>
<br />
<div>
<ul>
<li style=""text-align: left;"">100% coton premium</li>
<li style=""text-align: left;"">Pré - lavé, toujours garde les propriétés</li>
<li style=""text-align: left;"">Couleurs et Dessins, réalistes</li>
<li style=""text-align: left;"">Colorants à base d'eau</li>
<li style=""text-align: left;"">Libre de substances nocives (Certificación Oeko-Tex Standard 100)</li>
<li style=""text-align: left;"">Respectueux avec la durabilité environnementale</li>
</ul>
</div>
</div>
<p> </p>
<div style=""text-align: center;""> </div>",,Fire Ball Long T-shirt,"Vêtements full-printing imprimés en 3D. T-shirts, sweatshirts, chaussettes, débardeur, accessoires et bien plus encore. Tous imprimés sur coton 100% avec des dessins hyperréalistes.",fire-ball-long-t-shirt
1614,Vintage Fishes Long T-shirt,"<div style=""text-align: center;"">
<p style=""text-align: left;"">Nos vêtements ne rétrécissent pas et les coleurs disparaissent jamais. Nous utilisons des colorants naturels complètement exempt de substances nocives (Oeko-Tex Standard 100 - certification). Chaque vêtement est fait en vertu d'un processus manuel teinté avec des colorants à base d'eau et amicales avec l'environnement . Notre système d'impression est un processus unique qui permet d'imprimer directement sur les fibres des produits afin d'assurer réalisme et durabilité dans les couleurs . Merci à cela, nos vêtements peut être repassé sans perdre les propriétés.</p>
<div style=""text-align: left;""> </div>
<div style=""text-align: left;""> </div>
<br />
<div style=""text-align: left;""><strong>Caractéristiques:</strong></div>
<div style=""text-align: left;""> </div>
<br />
<div>
<ul>
<li style=""text-align: left;"">100% coton premium</li>
<li style=""text-align: left;"">Pré - lavé, toujours garde les propriétés</li>
<li style=""text-align: left;"">Couleurs et Dessins, réalistes</li>
<li style=""text-align: left;"">Colorants à base d'eau</li>
<li style=""text-align: left;"">Libre de substances nocives (Certificación Oeko-Tex Standard 100)</li>
<li style=""text-align: left;"">Respectueux avec la durabilité environnementale</li>
</ul>
</div>
</div>
<p> </p>
<div style=""text-align: center;""> </div>",,Vintage Fishes Long T-shirt,"Vêtements full-printing imprimés en 3D. T-shirts, sweatshirts, chaussettes, débardeur, accessoires et bien plus encore. Tous imprimés sur coton 100% avec des dessins hyperréalistes.",vintage-fishes-long-t-shirt
1615,Cat Hunter Long T-shirt,"<div style=""text-align: center;"">
<p style=""text-align: left;"">Nos vêtements ne rétrécissent pas et les coleurs disparaissent jamais. Nous utilisons des colorants naturels complètement exempt de substances nocives (Oeko-Tex Standard 100 - certification). Chaque vêtement est fait en vertu d'un processus manuel teinté avec des colorants à base d'eau et amicales avec l'environnement . Notre système d'impression est un processus unique qui permet d'imprimer directement sur les fibres des produits afin d'assurer réalisme et durabilité dans les couleurs . Merci à cela, nos vêtements peut être repassé sans perdre les propriétés.</p>
<div style=""text-align: left;""> </div>
<div style=""text-align: left;""> </div>
<br />
<div style=""text-align: left;""><strong>Caractéristiques:</strong></div>
<div style=""text-align: left;""> </div>
<br />
<div>
<ul>
<li style=""text-align: left;"">100% coton premium</li>
<li style=""text-align: left;"">Pré - lavé, toujours garde les propriétés</li>
<li style=""text-align: left;"">Couleurs et Dessins, réalistes</li>
<li style=""text-align: left;"">Colorants à base d'eau</li>
<li style=""text-align: left;"">Libre de substances nocives (Certificación Oeko-Tex Standard 100)</li>
<li style=""text-align: left;"">Respectueux avec la durabilité environnementale</li>
</ul>
</div>
</div>
<p> </p>
<div style=""text-align: center;""> </div>",,Cat Hunter Long T-shirt,"Vêtements full-printing imprimés en 3D. T-shirts, sweatshirts, chaussettes, débardeur, accessoires et bien plus encore. Tous imprimés sur coton 100% avec des dessins hyperréalistes.",cat-hunter-long-t-shirt
1616,Colorado Fishes Long T-shirt,"<div style=""text-align: center;"">
<p style=""text-align: left;"">Nos vêtements ne rétrécissent pas et les coleurs disparaissent jamais. Nous utilisons des colorants naturels complètement exempt de substances nocives (Oeko-Tex Standard 100 - certification). Chaque vêtement est fait en vertu d'un processus manuel teinté avec des colorants à base d'eau et amicales avec l'environnement . Notre système d'impression est un processus unique qui permet d'imprimer directement sur les fibres des produits afin d'assurer réalisme et durabilité dans les couleurs . Merci à cela, nos vêtements peut être repassé sans perdre les propriétés.</p>
<div style=""text-align: left;""> </div>
<div style=""text-align: left;""> </div>
<br />
<div style=""text-align: left;""><strong>Caractéristiques:</strong></div>
<div style=""text-align: left;""> </div>
<br />
<div>
<ul>
<li style=""text-align: left;"">100% coton premium</li>
<li style=""text-align: left;"">Pré - lavé, toujours garde les propriétés</li>
<li style=""text-align: left;"">Couleurs et Dessins, réalistes</li>
<li style=""text-align: left;"">Colorants à base d'eau</li>
<li style=""text-align: left;"">Libre de substances nocives (Certificación Oeko-Tex Standard 100)</li>
<li style=""text-align: left;"">Respectueux avec la durabilité environnementale</li>
</ul>
</div>
</div>
<p> </p>
<div style=""text-align: center;""> </div>",,Colorado Fishes Long T-shirt,"Vêtements full-printing imprimés en 3D. T-shirts, sweatshirts, chaussettes, débardeur, accessoires et bien plus encore. Tous imprimés sur coton 100% avec des dessins hyperréalistes.",colorado-fishes-long-t-shirt
1617,Abstract Eye Long T-shirt,"<div style=""text-align: center;"">
<p style=""text-align: left;"">Nos vêtements ne rétrécissent pas et les coleurs disparaissent jamais. Nous utilisons des colorants naturels complètement exempt de substances nocives (Oeko-Tex Standard 100 - certification). Chaque vêtement est fait en vertu d'un processus manuel teinté avec des colorants à base d'eau et amicales avec l'environnement . Notre système d'impression est un processus unique qui permet d'imprimer directement sur les fibres des produits afin d'assurer réalisme et durabilité dans les couleurs . Merci à cela, nos vêtements peut être repassé sans perdre les propriétés.</p>
<div style=""text-align: left;""> </div>
<div style=""text-align: left;""> </div>
<br />
<div style=""text-align: left;""><strong>Caractéristiques:</strong></div>
<div style=""text-align: left;""> </div>
<br />
<div>
<ul>
<li style=""text-align: left;"">100% coton premium</li>
<li style=""text-align: left;"">Pré - lavé, toujours garde les propriétés</li>
<li style=""text-align: left;"">Couleurs et Dessins, réalistes</li>
<li style=""text-align: left;"">Colorants à base d'eau</li>
<li style=""text-align: left;"">Libre de substances nocives (Certificación Oeko-Tex Standard 100)</li>
<li style=""text-align: left;"">Respectueux avec la durabilité environnementale</li>
</ul>
</div>
</div>
<p> </p>
<div style=""text-align: center;""> </div>",,Abstract Eye Long T-shirt,"Vêtements full-printing imprimés en 3D. T-shirts, sweatshirts, chaussettes, débardeur, accessoires et bien plus encore. Tous imprimés sur coton 100% avec des dessins hyperréalistes.",abstract-eye-long-t-shirt
1618,Mexican Food Long T-shirt,"<div style=""text-align: center;"">
<p style=""text-align: left;"">Nos vêtements ne rétrécissent pas et les coleurs disparaissent jamais. Nous utilisons des colorants naturels complètement exempt de substances nocives (Oeko-Tex Standard 100 - certification). Chaque vêtement est fait en vertu d'un processus manuel teinté avec des colorants à base d'eau et amicales avec l'environnement . Notre système d'impression est un processus unique qui permet d'imprimer directement sur les fibres des produits afin d'assurer réalisme et durabilité dans les couleurs . Merci à cela, nos vêtements peut être repassé sans perdre les propriétés.</p>
<div style=""text-align: left;""> </div>
<div style=""text-align: left;""> </div>
<br />
<div style=""text-align: left;""><strong>Caractéristiques:</strong></div>
<div style=""text-align: left;""> </div>
<br />
<div>
<ul>
<li style=""text-align: left;"">100% coton premium</li>
<li style=""text-align: left;"">Pré - lavé, toujours garde les propriétés</li>
<li style=""text-align: left;"">Couleurs et Dessins, réalistes</li>
<li style=""text-align: left;"">Colorants à base d'eau</li>
<li style=""text-align: left;"">Libre de substances nocives (Certificación Oeko-Tex Standard 100)</li>
<li style=""text-align: left;"">Respectueux avec la durabilité environnementale</li>
</ul>
</div>
</div>
<p> </p>
<div style=""text-align: center;""> </div>",,Mexican Food Long T-shirt,"Vêtements full-printing imprimés en 3D. T-shirts, sweatshirts, chaussettes, débardeur, accessoires et bien plus encore. Tous imprimés sur coton 100% avec des dessins hyperréalistes.",mexican-food-long-t-shirt
1619,Soda Dispenser Long T-shirt,"<div style=""text-align: center;"">
<p style=""text-align: left;"">Nos vêtements ne rétrécissent pas et les coleurs disparaissent jamais. Nous utilisons des colorants naturels complètement exempt de substances nocives (Oeko-Tex Standard 100 - certification). Chaque vêtement est fait en vertu d'un processus manuel teinté avec des colorants à base d'eau et amicales avec l'environnement . Notre système d'impression est un processus unique qui permet d'imprimer directement sur les fibres des produits afin d'assurer réalisme et durabilité dans les couleurs . Merci à cela, nos vêtements peut être repassé sans perdre les propriétés.</p>
<div style=""text-align: left;""> </div>
<div style=""text-align: left;""> </div>
<br />
<div style=""text-align: left;""><strong>Caractéristiques:</strong></div>
<div style=""text-align: left;""> </div>
<br />
<div>
<ul>
<li style=""text-align: left;"">100% coton premium</li>
<li style=""text-align: left;"">Pré - lavé, toujours garde les propriétés</li>
<li style=""text-align: left;"">Couleurs et Dessins, réalistes</li>
<li style=""text-align: left;"">Colorants à base d'eau</li>
<li style=""text-align: left;"">Libre de substances nocives (Certificación Oeko-Tex Standard 100)</li>
<li style=""text-align: left;"">Respectueux avec la durabilité environnementale</li>
</ul>
</div>
</div>
<p> </p>
<div style=""text-align: center;""> </div>",,Soda Dispenser Long T-shirt,"Vêtements full-printing imprimés en 3D. T-shirts, sweatshirts, chaussettes, débardeur, accessoires et bien plus encore. Tous imprimés sur coton 100% avec des dessins hyperréalistes.",soda-dispenser-long-t-shirt
1620,Golden Reno Long T-shirt,"<div style=""text-align: center;"">
<p style=""text-align: left;"">Nos vêtements ne rétrécissent pas et les coleurs disparaissent jamais. Nous utilisons des colorants naturels complètement exempt de substances nocives (Oeko-Tex Standard 100 - certification). Chaque vêtement est fait en vertu d'un processus manuel teinté avec des colorants à base d'eau et amicales avec l'environnement . Notre système d'impression est un processus unique qui permet d'imprimer directement sur les fibres des produits afin d'assurer réalisme et durabilité dans les couleurs . Merci à cela, nos vêtements peut être repassé sans perdre les propriétés.</p>
<div style=""text-align: left;""> </div>
<div style=""text-align: left;""> </div>
<br />
<div style=""text-align: left;""><strong>Caractéristiques:</strong></div>
<div style=""text-align: left;""> </div>
<br />
<div>
<ul>
<li style=""text-align: left;"">100% coton premium</li>
<li style=""text-align: left;"">Pré - lavé, toujours garde les propriétés</li>
<li style=""text-align: left;"">Couleurs et Dessins, réalistes</li>
<li style=""text-align: left;"">Colorants à base d'eau</li>
<li style=""text-align: left;"">Libre de substances nocives (Certificación Oeko-Tex Standard 100)</li>
<li style=""text-align: left;"">Respectueux avec la durabilité environnementale</li>
</ul>
</div>
</div>
<p> </p>
<div style=""text-align: center;""> </div>",,Golden Reno Long T-shirt,"Vêtements full-printing imprimés en 3D. T-shirts, sweatshirts, chaussettes, débardeur, accessoires et bien plus encore. Tous imprimés sur coton 100% avec des dessins hyperréalistes.",golden-reno-long-t-shirt
1621,Moon Walk Long T-shirt,"<div style=""text-align: center;"">
<p style=""text-align: left;"">Nos vêtements ne rétrécissent pas et les coleurs disparaissent jamais. Nous utilisons des colorants naturels complètement exempt de substances nocives (Oeko-Tex Standard 100 - certification). Chaque vêtement est fait en vertu d'un processus manuel teinté avec des colorants à base d'eau et amicales avec l'environnement . Notre système d'impression est un processus unique qui permet d'imprimer directement sur les fibres des produits afin d'assurer réalisme et durabilité dans les couleurs . Merci à cela, nos vêtements peut être repassé sans perdre les propriétés.</p>
<div style=""text-align: left;""> </div>
<div style=""text-align: left;""> </div>
<br />
<div style=""text-align: left;""><strong>Caractéristiques:</strong></div>
<div style=""text-align: left;""> </div>
<br />
<div>
<ul>
<li style=""text-align: left;"">100% coton premium</li>
<li style=""text-align: left;"">Pré - lavé, toujours garde les propriétés</li>
<li style=""text-align: left;"">Couleurs et Dessins, réalistes</li>
<li style=""text-align: left;"">Colorants à base d'eau</li>
<li style=""text-align: left;"">Libre de substances nocives (Certificación Oeko-Tex Standard 100)</li>
<li style=""text-align: left;"">Respectueux avec la durabilité environnementale</li>
</ul>
</div>
</div>
<p> </p>
<div style=""text-align: center;""> </div>",,Moon Walk Long T-shirt,"Vêtements full-printing imprimés en 3D. T-shirts, sweatshirts, chaussettes, débardeur, accessoires et bien plus encore. Tous imprimés sur coton 100% avec des dessins hyperréalistes.",moon-walk-long-t-shirt
1622,Spaghetti Long T-shirt,"<div style=""text-align: center;"">
<p style=""text-align: left;"">Nos vêtements ne rétrécissent pas et les coleurs disparaissent jamais. Nous utilisons des colorants naturels complètement exempt de substances nocives (Oeko-Tex Standard 100 - certification). Chaque vêtement est fait en vertu d'un processus manuel teinté avec des colorants à base d'eau et amicales avec l'environnement . Notre système d'impression est un processus unique qui permet d'imprimer directement sur les fibres des produits afin d'assurer réalisme et durabilité dans les couleurs . Merci à cela, nos vêtements peut être repassé sans perdre les propriétés.</p>
<div style=""text-align: left;""> </div>
<div style=""text-align: left;""> </div>
<br />
<div style=""text-align: left;""><strong>Caractéristiques:</strong></div>
<div style=""text-align: left;""> </div>
<br />
<div>
<ul>
<li style=""text-align: left;"">100% coton premium</li>
<li style=""text-align: left;"">Pré - lavé, toujours garde les propriétés</li>
<li style=""text-align: left;"">Couleurs et Dessins, réalistes</li>
<li style=""text-align: left;"">Colorants à base d'eau</li>
<li style=""text-align: left;"">Libre de substances nocives (Certificación Oeko-Tex Standard 100)</li>
<li style=""text-align: left;"">Respectueux avec la durabilité environnementale</li>
</ul>
</div>
</div>
<p> </p>
<div style=""text-align: center;""> </div>",,Spaghetti Long T-shirt,"Vêtements full-printing imprimés en 3D. T-shirts, sweatshirts, chaussettes, débardeur, accessoires et bien plus encore. Tous imprimés sur coton 100% avec des dessins hyperréalistes.",spaghetti-long-t-shirt
1623,Flyign Dog Long T-shirt,"<div style=""text-align: center;"">
<p style=""text-align: left;"">Nos vêtements ne rétrécissent pas et les coleurs disparaissent jamais. Nous utilisons des colorants naturels complètement exempt de substances nocives (Oeko-Tex Standard 100 - certification). Chaque vêtement est fait en vertu d'un processus manuel teinté avec des colorants à base d'eau et amicales avec l'environnement . Notre système d'impression est un processus unique qui permet d'imprimer directement sur les fibres des produits afin d'assurer réalisme et durabilité dans les couleurs . Merci à cela, nos vêtements peut être repassé sans perdre les propriétés.</p>
<div style=""text-align: left;""> </div>
<div style=""text-align: left;""> </div>
<br />
<div style=""text-align: left;""><strong>Caractéristiques:</strong></div>
<div style=""text-align: left;""> </div>
<br />
<div>
<ul>
<li style=""text-align: left;"">100% coton premium</li>
<li style=""text-align: left;"">Pré - lavé, toujours garde les propriétés</li>
<li style=""text-align: left;"">Couleurs et Dessins, réalistes</li>
<li style=""text-align: left;"">Colorants à base d'eau</li>
<li style=""text-align: left;"">Libre de substances nocives (Certificación Oeko-Tex Standard 100)</li>
<li style=""text-align: left;"">Respectueux avec la durabilité environnementale</li>
</ul>
</div>
</div>
<p> </p>
<div style=""text-align: center;""> </div>",,Flyign Dog Long T-shirt,"Vêtements full-printing imprimés en 3D. T-shirts, sweatshirts, chaussettes, débardeur, accessoires et bien plus encore. Tous imprimés sur coton 100% avec des dessins hyperréalistes.",flyign-dog-long-t-shirt
1624,Disco Pug Long T-shirt,"<div style=""text-align: center;"">
<p style=""text-align: left;"">Nos vêtements ne rétrécissent pas et les coleurs disparaissent jamais. Nous utilisons des colorants naturels complètement exempt de substances nocives (Oeko-Tex Standard 100 - certification). Chaque vêtement est fait en vertu d'un processus manuel teinté avec des colorants à base d'eau et amicales avec l'environnement . Notre système d'impression est un processus unique qui permet d'imprimer directement sur les fibres des produits afin d'assurer réalisme et durabilité dans les couleurs . Merci à cela, nos vêtements peut être repassé sans perdre les propriétés.</p>
<div style=""text-align: left;""> </div>
<div style=""text-align: left;""> </div>
<br />
<div style=""text-align: left;""><strong>Caractéristiques:</strong></div>
<div style=""text-align: left;""> </div>
<br />
<div>
<ul>
<li style=""text-align: left;"">100% coton premium</li>
<li style=""text-align: left;"">Pré - lavé, toujours garde les propriétés</li>
<li style=""text-align: left;"">Couleurs et Dessins, réalistes</li>
<li style=""text-align: left;"">Colorants à base d'eau</li>
<li style=""text-align: left;"">Libre de substances nocives (Certificación Oeko-Tex Standard 100)</li>
<li style=""text-align: left;"">Respectueux avec la durabilité environnementale</li>
</ul>
</div>
</div>
<p> </p>
<div style=""text-align: center;""> </div>",,Disco Pug Long T-shirt,"Vêtements full-printing imprimés en 3D. T-shirts, sweatshirts, chaussettes, débardeur, accessoires et bien plus encore. Tous imprimés sur coton 100% avec des dessins hyperréalistes.",disco-pug-long-t-shirt
1625,Blue Sky Long T-shirt,"<div style=""text-align: center;"">
<p style=""text-align: left;"">Nos vêtements ne rétrécissent pas et les coleurs disparaissent jamais. Nous utilisons des colorants naturels complètement exempt de substances nocives (Oeko-Tex Standard 100 - certification). Chaque vêtement est fait en vertu d'un processus manuel teinté avec des colorants à base d'eau et amicales avec l'environnement . Notre système d'impression est un processus unique qui permet d'imprimer directement sur les fibres des produits afin d'assurer réalisme et durabilité dans les couleurs . Merci à cela, nos vêtements peut être repassé sans perdre les propriétés.</p>
<div style=""text-align: left;""> </div>
<div style=""text-align: left;""> </div>
<br />
<div style=""text-align: left;""><strong>Caractéristiques:</strong></div>
<div style=""text-align: left;""> </div>
<br />
<div>
<ul>
<li style=""text-align: left;"">100% coton premium</li>
<li style=""text-align: left;"">Pré - lavé, toujours garde les propriétés</li>
<li style=""text-align: left;"">Couleurs et Dessins, réalistes</li>
<li style=""text-align: left;"">Colorants à base d'eau</li>
<li style=""text-align: left;"">Libre de substances nocives (Certificación Oeko-Tex Standard 100)</li>
<li style=""text-align: left;"">Respectueux avec la durabilité environnementale</li>
</ul>
</div>
</div>
<p> </p>
<div style=""text-align: center;""> </div>",,Blue Sky Long T-shirt,"Vêtements full-printing imprimés en 3D. T-shirts, sweatshirts, chaussettes, débardeur, accessoires et bien plus encore. Tous imprimés sur coton 100% avec des dessins hyperréalistes.",blue-sky-long-t-shirt
1626,Coder Long T-shirt,"<div style=""text-align: center;"">
<p style=""text-align: left;"">Nos vêtements ne rétrécissent pas et les coleurs disparaissent jamais. Nous utilisons des colorants naturels complètement exempt de substances nocives (Oeko-Tex Standard 100 - certification). Chaque vêtement est fait en vertu d'un processus manuel teinté avec des colorants à base d'eau et amicales avec l'environnement . Notre système d'impression est un processus unique qui permet d'imprimer directement sur les fibres des produits afin d'assurer réalisme et durabilité dans les couleurs . Merci à cela, nos vêtements peut être repassé sans perdre les propriétés.</p>
<div style=""text-align: left;""> </div>
<div style=""text-align: left;""> </div>
<br />
<div style=""text-align: left;""><strong>Caractéristiques:</strong></div>
<div style=""text-align: left;""> </div>
<br />
<div>
<ul>
<li style=""text-align: left;"">100% coton premium</li>
<li style=""text-align: left;"">Pré - lavé, toujours garde les propriétés</li>
<li style=""text-align: left;"">Couleurs et Dessins, réalistes</li>
<li style=""text-align: left;"">Colorants à base d'eau</li>
<li style=""text-align: left;"">Libre de substances nocives (Certificación Oeko-Tex Standard 100)</li>
<li style=""text-align: left;"">Respectueux avec la durabilité environnementale</li>
</ul>
</div>
</div>
<p> </p>
<div style=""text-align: center;""> </div>",,Coder Long T-shirt,"Vêtements full-printing imprimés en 3D. T-shirts, sweatshirts, chaussettes, débardeur, accessoires et bien plus encore. Tous imprimés sur coton 100% avec des dessins hyperréalistes.",coder-long-t-shirt
1627,Cat Toons Long T-shirt,"<div style=""text-align: center;"">
<p style=""text-align: left;"">Nos vêtements ne rétrécissent pas et les coleurs disparaissent jamais. Nous utilisons des colorants naturels complètement exempt de substances nocives (Oeko-Tex Standard 100 - certification). Chaque vêtement est fait en vertu d'un processus manuel teinté avec des colorants à base d'eau et amicales avec l'environnement . Notre système d'impression est un processus unique qui permet d'imprimer directement sur les fibres des produits afin d'assurer réalisme et durabilité dans les couleurs . Merci à cela, nos vêtements peut être repassé sans perdre les propriétés.</p>
<div style=""text-align: left;""> </div>
<div style=""text-align: left;""> </div>
<br />
<div style=""text-align: left;""><strong>Caractéristiques:</strong></div>
<div style=""text-align: left;""> </div>
<br />
<div>
<ul>
<li style=""text-align: left;"">100% coton premium</li>
<li style=""text-align: left;"">Pré - lavé, toujours garde les propriétés</li>
<li style=""text-align: left;"">Couleurs et Dessins, réalistes</li>
<li style=""text-align: left;"">Colorants à base d'eau</li>
<li style=""text-align: left;"">Libre de substances nocives (Certificación Oeko-Tex Standard 100)</li>
<li style=""text-align: left;"">Respectueux avec la durabilité environnementale</li>
</ul>
</div>
</div>
<p> </p>
<div style=""text-align: center;""> </div>",,Cat Toons Long T-shirt,"Vêtements full-printing imprimés en 3D. T-shirts, sweatshirts, chaussettes, débardeur, accessoires et bien plus encore. Tous imprimés sur coton 100% avec des dessins hyperréalistes.",cat-toons-long-t-shirt
1628,Kim Jong Un Soldiers Long T-shirt,"<div style=""text-align: center;"">
<p style=""text-align: left;"">Nos vêtements ne rétrécissent pas et les coleurs disparaissent jamais. Nous utilisons des colorants naturels complètement exempt de substances nocives (Oeko-Tex Standard 100 - certification). Chaque vêtement est fait en vertu d'un processus manuel teinté avec des colorants à base d'eau et amicales avec l'environnement . Notre système d'impression est un processus unique qui permet d'imprimer directement sur les fibres des produits afin d'assurer réalisme et durabilité dans les couleurs . Merci à cela, nos vêtements peut être repassé sans perdre les propriétés.</p>
<div style=""text-align: left;""> </div>
<div style=""text-align: left;""> </div>
<br />
<div style=""text-align: left;""><strong>Caractéristiques:</strong></div>
<div style=""text-align: left;""> </div>
<br />
<div>
<ul>
<li style=""text-align: left;"">100% coton premium</li>
<li style=""text-align: left;"">Pré - lavé, toujours garde les propriétés</li>
<li style=""text-align: left;"">Couleurs et Dessins, réalistes</li>
<li style=""text-align: left;"">Colorants à base d'eau</li>
<li style=""text-align: left;"">Libre de substances nocives (Certificación Oeko-Tex Standard 100)</li>
<li style=""text-align: left;"">Respectueux avec la durabilité environnementale</li>
</ul>
</div>
</div>
<p> </p>
<div style=""text-align: center;""> </div>",,Kim Jong Un Soldiers Long T-shirt,"Vêtements full-printing imprimés en 3D. T-shirts, sweatshirts, chaussettes, débardeur, accessoires et bien plus encore. Tous imprimés sur coton 100% avec des dessins hyperréalistes.",kim-jong-un-soldiers-long-t-shirt
1630,Meerkat Long T-shirt,"<div style=""text-align: center;"">
<p style=""text-align: left;"">Nos vêtements ne rétrécissent pas et les coleurs disparaissent jamais. Nous utilisons des colorants naturels complètement exempt de substances nocives (Oeko-Tex Standard 100 - certification). Chaque vêtement est fait en vertu d'un processus manuel teinté avec des colorants à base d'eau et amicales avec l'environnement . Notre système d'impression est un processus unique qui permet d'imprimer directement sur les fibres des produits afin d'assurer réalisme et durabilité dans les couleurs . Merci à cela, nos vêtements peut être repassé sans perdre les propriétés.</p>
<div style=""text-align: left;""> </div>
<div style=""text-align: left;""> </div>
<br />
<div style=""text-align: left;""><strong>Caractéristiques:</strong></div>
<div style=""text-align: left;""> </div>
<br />
<div>
<ul>
<li style=""text-align: left;"">100% coton premium</li>
<li style=""text-align: left;"">Pré - lavé, toujours garde les propriétés</li>
<li style=""text-align: left;"">Couleurs et Dessins, réalistes</li>
<li style=""text-align: left;"">Colorants à base d'eau</li>
<li style=""text-align: left;"">Libre de substances nocives (Certificación Oeko-Tex Standard 100)</li>
<li style=""text-align: left;"">Respectueux avec la durabilité environnementale</li>
</ul>
</div>
</div>
<p> </p>
<div style=""text-align: center;""> </div>",,Meerkat Long T-shirt,"Vêtements full-printing imprimés en 3D. T-shirts, sweatshirts, chaussettes, débardeur, accessoires et bien plus encore. Tous imprimés sur coton 100% avec des dessins hyperréalistes.",meerkat-long-t-shirt
1631,Chimpanzee Face Long T-shirt,"<div style=""text-align: center;"">
<p style=""text-align: left;"">Nos vêtements ne rétrécissent pas et les coleurs disparaissent jamais. Nous utilisons des colorants naturels complètement exempt de substances nocives (Oeko-Tex Standard 100 - certification). Chaque vêtement est fait en vertu d'un processus manuel teinté avec des colorants à base d'eau et amicales avec l'environnement . Notre système d'impression est un processus unique qui permet d'imprimer directement sur les fibres des produits afin d'assurer réalisme et durabilité dans les couleurs . Merci à cela, nos vêtements peut être repassé sans perdre les propriétés.</p>
<div style=""text-align: left;""> </div>
<div style=""text-align: left;""> </div>
<br />
<div style=""text-align: left;""><strong>Caractéristiques:</strong></div>
<div style=""text-align: left;""> </div>
<br />
<div>
<ul>
<li style=""text-align: left;"">100% coton premium</li>
<li style=""text-align: left;"">Pré - lavé, toujours garde les propriétés</li>
<li style=""text-align: left;"">Couleurs et Dessins, réalistes</li>
<li style=""text-align: left;"">Colorants à base d'eau</li>
<li style=""text-align: left;"">Libre de substances nocives (Certificación Oeko-Tex Standard 100)</li>
<li style=""text-align: left;"">Respectueux avec la durabilité environnementale</li>
</ul>
</div>
</div>
<p> </p>
<div style=""text-align: center;""> </div>",,Chimpanzee Face Long T-shirt,"Vêtements full-printing imprimés en 3D. T-shirts, sweatshirts, chaussettes, débardeur, accessoires et bien plus encore. Tous imprimés sur coton 100% avec des dessins hyperréalistes.",chimpanzee-face-long-t-shirt
1632,Deep Tiger Long T-shirt,"<div style=""text-align: center;"">
<p style=""text-align: left;"">Nos vêtements ne rétrécissent pas et les coleurs disparaissent jamais. Nous utilisons des colorants naturels complètement exempt de substances nocives (Oeko-Tex Standard 100 - certification). Chaque vêtement est fait en vertu d'un processus manuel teinté avec des colorants à base d'eau et amicales avec l'environnement . Notre système d'impression est un processus unique qui permet d'imprimer directement sur les fibres des produits afin d'assurer réalisme et durabilité dans les couleurs . Merci à cela, nos vêtements peut être repassé sans perdre les propriétés.</p>
<div style=""text-align: left;""> </div>
<div style=""text-align: left;""> </div>
<br />
<div style=""text-align: left;""><strong>Caractéristiques:</strong></div>
<div style=""text-align: left;""> </div>
<br />
<div>
<ul>
<li style=""text-align: left;"">100% coton premium</li>
<li style=""text-align: left;"">Pré - lavé, toujours garde les propriétés</li>
<li style=""text-align: left;"">Couleurs et Dessins, réalistes</li>
<li style=""text-align: left;"">Colorants à base d'eau</li>
<li style=""text-align: left;"">Libre de substances nocives (Certificación Oeko-Tex Standard 100)</li>
<li style=""text-align: left;"">Respectueux avec la durabilité environnementale</li>
</ul>
</div>
</div>
<p> </p>
<div style=""text-align: center;""> </div>",,Deep Tiger Long T-shirt,"Vêtements full-printing imprimés en 3D. T-shirts, sweatshirts, chaussettes, débardeur, accessoires et bien plus encore. Tous imprimés sur coton 100% avec des dessins hyperréalistes.",deep-tiger-long-t-shirt
1633,Smiling Long T-shirt,"<div style=""text-align: center;"">
<p style=""text-align: left;"">Nos vêtements ne rétrécissent pas et les coleurs disparaissent jamais. Nous utilisons des colorants naturels complètement exempt de substances nocives (Oeko-Tex Standard 100 - certification). Chaque vêtement est fait en vertu d'un processus manuel teinté avec des colorants à base d'eau et amicales avec l'environnement . Notre système d'impression est un processus unique qui permet d'imprimer directement sur les fibres des produits afin d'assurer réalisme et durabilité dans les couleurs . Merci à cela, nos vêtements peut être repassé sans perdre les propriétés.</p>
<div style=""text-align: left;""> </div>
<div style=""text-align: left;""> </div>
<br />
<div style=""text-align: left;""><strong>Caractéristiques:</strong></div>
<div style=""text-align: left;""> </div>
<br />
<div>
<ul>
<li style=""text-align: left;"">100% coton premium</li>
<li style=""text-align: left;"">Pré - lavé, toujours garde les propriétés</li>
<li style=""text-align: left;"">Couleurs et Dessins, réalistes</li>
<li style=""text-align: left;"">Colorants à base d'eau</li>
<li style=""text-align: left;"">Libre de substances nocives (Certificación Oeko-Tex Standard 100)</li>
<li style=""text-align: left;"">Respectueux avec la durabilité environnementale</li>
</ul>
</div>
</div>
<p> </p>
<div style=""text-align: center;""> </div>",,Smiling Long T-shirt,"Vêtements full-printing imprimés en 3D. T-shirts, sweatshirts, chaussettes, débardeur, accessoires et bien plus encore. Tous imprimés sur coton 100% avec des dessins hyperréalistes.",smiling-long-t-shirt
1634,Ted Monkey Long T-shirt,"<div style=""text-align: center;"">
<p style=""text-align: left;"">Nos vêtements ne rétrécissent pas et les coleurs disparaissent jamais. Nous utilisons des colorants naturels complètement exempt de substances nocives (Oeko-Tex Standard 100 - certification). Chaque vêtement est fait en vertu d'un processus manuel teinté avec des colorants à base d'eau et amicales avec l'environnement . Notre système d'impression est un processus unique qui permet d'imprimer directement sur les fibres des produits afin d'assurer réalisme et durabilité dans les couleurs . Merci à cela, nos vêtements peut être repassé sans perdre les propriétés.</p>
<div style=""text-align: left;""> </div>
<div style=""text-align: left;""> </div>
<br />
<div style=""text-align: left;""><strong>Caractéristiques:</strong></div>
<div style=""text-align: left;""> </div>
<br />
<div>
<ul>
<li style=""text-align: left;"">100% coton premium</li>
<li style=""text-align: left;"">Pré - lavé, toujours garde les propriétés</li>
<li style=""text-align: left;"">Couleurs et Dessins, réalistes</li>
<li style=""text-align: left;"">Colorants à base d'eau</li>
<li style=""text-align: left;"">Libre de substances nocives (Certificación Oeko-Tex Standard 100)</li>
<li style=""text-align: left;"">Respectueux avec la durabilité environnementale</li>
</ul>
</div>
</div>
<p> </p>
<div style=""text-align: center;""> </div>",,Ted Monkey Long T-shirt,"Vêtements full-printing imprimés en 3D. T-shirts, sweatshirts, chaussettes, débardeur, accessoires et bien plus encore. Tous imprimés sur coton 100% avec des dessins hyperréalistes.",ted-monkey-long-t-shirt
1635,Geometric Art Long T-shirt,"<div style=""text-align: center;"">
<p style=""text-align: left;"">Nos vêtements ne rétrécissent pas et les coleurs disparaissent jamais. Nous utilisons des colorants naturels complètement exempt de substances nocives (Oeko-Tex Standard 100 - certification). Chaque vêtement est fait en vertu d'un processus manuel teinté avec des colorants à base d'eau et amicales avec l'environnement . Notre système d'impression est un processus unique qui permet d'imprimer directement sur les fibres des produits afin d'assurer réalisme et durabilité dans les couleurs . Merci à cela, nos vêtements peut être repassé sans perdre les propriétés.</p>
<div style=""text-align: left;""> </div>
<div style=""text-align: left;""> </div>
<br />
<div style=""text-align: left;""><strong>Caractéristiques:</strong></div>
<div style=""text-align: left;""> </div>
<br />
<div>
<ul>
<li style=""text-align: left;"">100% coton premium</li>
<li style=""text-align: left;"">Pré - lavé, toujours garde les propriétés</li>
<li style=""text-align: left;"">Couleurs et Dessins, réalistes</li>
<li style=""text-align: left;"">Colorants à base d'eau</li>
<li style=""text-align: left;"">Libre de substances nocives (Certificación Oeko-Tex Standard 100)</li>
<li style=""text-align: left;"">Respectueux avec la durabilité environnementale</li>
</ul>
</div>
</div>
<p> </p>
<div style=""text-align: center;""> </div>",,Geometric Art Long T-shirt,"Vêtements full-printing imprimés en 3D. T-shirts, sweatshirts, chaussettes, débardeur, accessoires et bien plus encore. Tous imprimés sur coton 100% avec des dessins hyperréalistes.",geometric-art-long-t-shirt
1636,Pop Pet Long T-shirt,"<div style=""text-align: center;"">
<p style=""text-align: left;"">Nos vêtements ne rétrécissent pas et les coleurs disparaissent jamais. Nous utilisons des colorants naturels complètement exempt de substances nocives (Oeko-Tex Standard 100 - certification). Chaque vêtement est fait en vertu d'un processus manuel teinté avec des colorants à base d'eau et amicales avec l'environnement . Notre système d'impression est un processus unique qui permet d'imprimer directement sur les fibres des produits afin d'assurer réalisme et durabilité dans les couleurs . Merci à cela, nos vêtements peut être repassé sans perdre les propriétés.</p>
<div style=""text-align: left;""> </div>
<div style=""text-align: left;""> </div>
<br />
<div style=""text-align: left;""><strong>Caractéristiques:</strong></div>
<div style=""text-align: left;""> </div>
<br />
<div>
<ul>
<li style=""text-align: left;"">100% coton premium</li>
<li style=""text-align: left;"">Pré - lavé, toujours garde les propriétés</li>
<li style=""text-align: left;"">Couleurs et Dessins, réalistes</li>
<li style=""text-align: left;"">Colorants à base d'eau</li>
<li style=""text-align: left;"">Libre de substances nocives (Certificación Oeko-Tex Standard 100)</li>
<li style=""text-align: left;"">Respectueux avec la durabilité environnementale</li>
</ul>
</div>
</div>
<p> </p>
<div style=""text-align: center;""> </div>",,Pop Pet Long T-shirt,"Vêtements full-printing imprimés en 3D. T-shirts, sweatshirts, chaussettes, débardeur, accessoires et bien plus encore. Tous imprimés sur coton 100% avec des dessins hyperréalistes.",pop-pet-long-t-shirt
1637,Stereo Set Long T-shirt,"<div style=""text-align: center;"">
<p style=""text-align: left;"">Nos vêtements ne rétrécissent pas et les coleurs disparaissent jamais. Nous utilisons des colorants naturels complètement exempt de substances nocives (Oeko-Tex Standard 100 - certification). Chaque vêtement est fait en vertu d'un processus manuel teinté avec des colorants à base d'eau et amicales avec l'environnement . Notre système d'impression est un processus unique qui permet d'imprimer directement sur les fibres des produits afin d'assurer réalisme et durabilité dans les couleurs . Merci à cela, nos vêtements peut être repassé sans perdre les propriétés.</p>
<div style=""text-align: left;""> </div>
<div style=""text-align: left;""> </div>
<br />
<div style=""text-align: left;""><strong>Caractéristiques:</strong></div>
<div style=""text-align: left;""> </div>
<br />
<div>
<ul>
<li style=""text-align: left;"">100% coton premium</li>
<li style=""text-align: left;"">Pré - lavé, toujours garde les propriétés</li>
<li style=""text-align: left;"">Couleurs et Dessins, réalistes</li>
<li style=""text-align: left;"">Colorants à base d'eau</li>
<li style=""text-align: left;"">Libre de substances nocives (Certificación Oeko-Tex Standard 100)</li>
<li style=""text-align: left;"">Respectueux avec la durabilité environnementale</li>
</ul>
</div>
</div>
<p> </p>
<div style=""text-align: center;""> </div>",,Stereo Set Long T-shirt,"Vêtements full-printing imprimés en 3D. T-shirts, sweatshirts, chaussettes, débardeur, accessoires et bien plus encore. Tous imprimés sur coton 100% avec des dessins hyperréalistes.",stereo-set-long-t-shirt
1638,Ilusion Long T-shirt,"<div style=""text-align: center;"">
<p style=""text-align: left;"">Nos vêtements ne rétrécissent pas et les coleurs disparaissent jamais. Nous utilisons des colorants naturels complètement exempt de substances nocives (Oeko-Tex Standard 100 - certification). Chaque vêtement est fait en vertu d'un processus manuel teinté avec des colorants à base d'eau et amicales avec l'environnement . Notre système d'impression est un processus unique qui permet d'imprimer directement sur les fibres des produits afin d'assurer réalisme et durabilité dans les couleurs . Merci à cela, nos vêtements peut être repassé sans perdre les propriétés.</p>
<div style=""text-align: left;""> </div>
<div style=""text-align: left;""> </div>
<br />
<div style=""text-align: left;""><strong>Caractéristiques:</strong></div>
<div style=""text-align: left;""> </div>
<br />
<div>
<ul>
<li style=""text-align: left;"">100% coton premium</li>
<li style=""text-align: left;"">Pré - lavé, toujours garde les propriétés</li>
<li style=""text-align: left;"">Couleurs et Dessins, réalistes</li>
<li style=""text-align: left;"">Colorants à base d'eau</li>
<li style=""text-align: left;"">Libre de substances nocives (Certificación Oeko-Tex Standard 100)</li>
<li style=""text-align: left;"">Respectueux avec la durabilité environnementale</li>
</ul>
</div>
</div>
<p> </p>
<div style=""text-align: center;""> </div>",,Ilusion Long T-shirt,"Vêtements full-printing imprimés en 3D. T-shirts, sweatshirts, chaussettes, débardeur, accessoires et bien plus encore. Tous imprimés sur coton 100% avec des dessins hyperréalistes.",ilusion-long-t-shirt
1639,Llama Hair Long T-shirt,"<div style=""text-align: center;"">
<p style=""text-align: left;"">Nos vêtements ne rétrécissent pas et les coleurs disparaissent jamais. Nous utilisons des colorants naturels complètement exempt de substances nocives (Oeko-Tex Standard 100 - certification). Chaque vêtement est fait en vertu d'un processus manuel teinté avec des colorants à base d'eau et amicales avec l'environnement . Notre système d'impression est un processus unique qui permet d'imprimer directement sur les fibres des produits afin d'assurer réalisme et durabilité dans les couleurs . Merci à cela, nos vêtements peut être repassé sans perdre les propriétés.</p>
<div style=""text-align: left;""> </div>
<div style=""text-align: left;""> </div>
<br />
<div style=""text-align: left;""><strong>Caractéristiques:</strong></div>
<div style=""text-align: left;""> </div>
<br />
<div>
<ul>
<li style=""text-align: left;"">100% coton premium</li>
<li style=""text-align: left;"">Pré - lavé, toujours garde les propriétés</li>
<li style=""text-align: left;"">Couleurs et Dessins, réalistes</li>
<li style=""text-align: left;"">Colorants à base d'eau</li>
<li style=""text-align: left;"">Libre de substances nocives (Certificación Oeko-Tex Standard 100)</li>
<li style=""text-align: left;"">Respectueux avec la durabilité environnementale</li>
</ul>
</div>
</div>
<p> </p>
<div style=""text-align: center;""> </div>",,Llama Hair Long T-shirt,"Vêtements full-printing imprimés en 3D. T-shirts, sweatshirts, chaussettes, débardeur, accessoires et bien plus encore. Tous imprimés sur coton 100% avec des dessins hyperréalistes.",llama-hair-long-t-shirt
1640,Cat Mask Long T-shirt,"<div style=""text-align: center;"">
<p style=""text-align: left;"">Nos vêtements ne rétrécissent pas et les coleurs disparaissent jamais. Nous utilisons des colorants naturels complètement exempt de substances nocives (Oeko-Tex Standard 100 - certification). Chaque vêtement est fait en vertu d'un processus manuel teinté avec des colorants à base d'eau et amicales avec l'environnement . Notre système d'impression est un processus unique qui permet d'imprimer directement sur les fibres des produits afin d'assurer réalisme et durabilité dans les couleurs . Merci à cela, nos vêtements peut être repassé sans perdre les propriétés.</p>
<div style=""text-align: left;""> </div>
<div style=""text-align: left;""> </div>
<br />
<div style=""text-align: left;""><strong>Caractéristiques:</strong></div>
<div style=""text-align: left;""> </div>
<br />
<div>
<ul>
<li style=""text-align: left;"">100% coton premium</li>
<li style=""text-align: left;"">Pré - lavé, toujours garde les propriétés</li>
<li style=""text-align: left;"">Couleurs et Dessins, réalistes</li>
<li style=""text-align: left;"">Colorants à base d'eau</li>
<li style=""text-align: left;"">Libre de substances nocives (Certificación Oeko-Tex Standard 100)</li>
<li style=""text-align: left;"">Respectueux avec la durabilité environnementale</li>
</ul>
</div>
</div>
<p> </p>
<div style=""text-align: center;""> </div>",,Cat Mask Long T-shirt,"Vêtements full-printing imprimés en 3D. T-shirts, sweatshirts, chaussettes, débardeur, accessoires et bien plus encore. Tous imprimés sur coton 100% avec des dessins hyperréalistes.",cat-mask-long-t-shirt
1641,Elephant Art Long T-shirt,"<div style=""text-align: center;"">
<p style=""text-align: left;"">Nos vêtements ne rétrécissent pas et les coleurs disparaissent jamais. Nous utilisons des colorants naturels complètement exempt de substances nocives (Oeko-Tex Standard 100 - certification). Chaque vêtement est fait en vertu d'un processus manuel teinté avec des colorants à base d'eau et amicales avec l'environnement . Notre système d'impression est un processus unique qui permet d'imprimer directement sur les fibres des produits afin d'assurer réalisme et durabilité dans les couleurs . Merci à cela, nos vêtements peut être repassé sans perdre les propriétés.</p>
<div style=""text-align: left;""> </div>
<div style=""text-align: left;""> </div>
<br />
<div style=""text-align: left;""><strong>Caractéristiques:</strong></div>
<div style=""text-align: left;""> </div>
<br />
<div>
<ul>
<li style=""text-align: left;"">100% coton premium</li>
<li style=""text-align: left;"">Pré - lavé, toujours garde les propriétés</li>
<li style=""text-align: left;"">Couleurs et Dessins, réalistes</li>
<li style=""text-align: left;"">Colorants à base d'eau</li>
<li style=""text-align: left;"">Libre de substances nocives (Certificación Oeko-Tex Standard 100)</li>
<li style=""text-align: left;"">Respectueux avec la durabilité environnementale</li>
</ul>
</div>
</div>
<p> </p>
<div style=""text-align: center;""> </div>",,Elephant Art Long T-shirt,"Vêtements full-printing imprimés en 3D. T-shirts, sweatshirts, chaussettes, débardeur, accessoires et bien plus encore. Tous imprimés sur coton 100% avec des dessins hyperréalistes.",elephant-art-long-t-shirt
1642,Sweet Bananas Long T-shirt,"<div style=""text-align: center;"">
<p style=""text-align: left;"">Nos vêtements ne rétrécissent pas et les coleurs disparaissent jamais. Nous utilisons des colorants naturels complètement exempt de substances nocives (Oeko-Tex Standard 100 - certification). Chaque vêtement est fait en vertu d'un processus manuel teinté avec des colorants à base d'eau et amicales avec l'environnement . Notre système d'impression est un processus unique qui permet d'imprimer directement sur les fibres des produits afin d'assurer réalisme et durabilité dans les couleurs . Merci à cela, nos vêtements peut être repassé sans perdre les propriétés.</p>
<div style=""text-align: left;""> </div>
<div style=""text-align: left;""> </div>
<br />
<div style=""text-align: left;""><strong>Caractéristiques:</strong></div>
<div style=""text-align: left;""> </div>
<br />
<div>
<ul>
<li style=""text-align: left;"">100% coton premium</li>
<li style=""text-align: left;"">Pré - lavé, toujours garde les propriétés</li>
<li style=""text-align: left;"">Couleurs et Dessins, réalistes</li>
<li style=""text-align: left;"">Colorants à base d'eau</li>
<li style=""text-align: left;"">Libre de substances nocives (Certificación Oeko-Tex Standard 100)</li>
<li style=""text-align: left;"">Respectueux avec la durabilité environnementale</li>
</ul>
</div>
</div>
<p> </p>
<div style=""text-align: center;""> </div>",,Sweet Bananas Long T-shirt,"Vêtements full-printing imprimés en 3D. T-shirts, sweatshirts, chaussettes, débardeur, accessoires et bien plus encore. Tous imprimés sur coton 100% avec des dessins hyperréalistes.",sweet-bananas-long-t-shirt
1643,Donkey Selfie Long T-shirt,"<div style=""text-align: center;"">
<p style=""text-align: left;"">Nos vêtements ne rétrécissent pas et les coleurs disparaissent jamais. Nous utilisons des colorants naturels complètement exempt de substances nocives (Oeko-Tex Standard 100 - certification). Chaque vêtement est fait en vertu d'un processus manuel teinté avec des colorants à base d'eau et amicales avec l'environnement . Notre système d'impression est un processus unique qui permet d'imprimer directement sur les fibres des produits afin d'assurer réalisme et durabilité dans les couleurs . Merci à cela, nos vêtements peut être repassé sans perdre les propriétés.</p>
<div style=""text-align: left;""> </div>
<div style=""text-align: left;""> </div>
<br />
<div style=""text-align: left;""><strong>Caractéristiques:</strong></div>
<div style=""text-align: left;""> </div>
<br />
<div>
<ul>
<li style=""text-align: left;"">100% coton premium</li>
<li style=""text-align: left;"">Pré - lavé, toujours garde les propriétés</li>
<li style=""text-align: left;"">Couleurs et Dessins, réalistes</li>
<li style=""text-align: left;"">Colorants à base d'eau</li>
<li style=""text-align: left;"">Libre de substances nocives (Certificación Oeko-Tex Standard 100)</li>
<li style=""text-align: left;"">Respectueux avec la durabilité environnementale</li>
</ul>
</div>
</div>
<p> </p>
<div style=""text-align: center;""> </div>",,Donkey Selfie Long T-shirt,"Vêtements full-printing imprimés en 3D. T-shirts, sweatshirts, chaussettes, débardeur, accessoires et bien plus encore. Tous imprimés sur coton 100% avec des dessins hyperréalistes.",donkey-selfie-long-t-shirt
1644,Blue Ilusion Long T-shirt,"<div style=""text-align: center;"">
<p style=""text-align: left;"">Nos vêtements ne rétrécissent pas et les coleurs disparaissent jamais. Nous utilisons des colorants naturels complètement exempt de substances nocives (Oeko-Tex Standard 100 - certification). Chaque vêtement est fait en vertu d'un processus manuel teinté avec des colorants à base d'eau et amicales avec l'environnement . Notre système d'impression est un processus unique qui permet d'imprimer directement sur les fibres des produits afin d'assurer réalisme et durabilité dans les couleurs . Merci à cela, nos vêtements peut être repassé sans perdre les propriétés.</p>
<div style=""text-align: left;""> </div>
<div style=""text-align: left;""> </div>
<br />
<div style=""text-align: left;""><strong>Caractéristiques:</strong></div>
<div style=""text-align: left;""> </div>
<br />
<div>
<ul>
<li style=""text-align: left;"">100% coton premium</li>
<li style=""text-align: left;"">Pré - lavé, toujours garde les propriétés</li>
<li style=""text-align: left;"">Couleurs et Dessins, réalistes</li>
<li style=""text-align: left;"">Colorants à base d'eau</li>
<li style=""text-align: left;"">Libre de substances nocives (Certificación Oeko-Tex Standard 100)</li>
<li style=""text-align: left;"">Respectueux avec la durabilité environnementale</li>
</ul>
</div>
</div>
<p> </p>
<div style=""text-align: center;""> </div>",,Blue Ilusion Long T-shirt,"Vêtements full-printing imprimés en 3D. T-shirts, sweatshirts, chaussettes, débardeur, accessoires et bien plus encore. Tous imprimés sur coton 100% avec des dessins hyperréalistes.",blue-ilusion-long-t-shirt
1645,Space Toons Long T-shirt,"<div style=""text-align: center;"">
<p style=""text-align: left;"">Nos vêtements ne rétrécissent pas et les coleurs disparaissent jamais. Nous utilisons des colorants naturels complètement exempt de substances nocives (Oeko-Tex Standard 100 - certification). Chaque vêtement est fait en vertu d'un processus manuel teinté avec des colorants à base d'eau et amicales avec l'environnement . Notre système d'impression est un processus unique qui permet d'imprimer directement sur les fibres des produits afin d'assurer réalisme et durabilité dans les couleurs . Merci à cela, nos vêtements peut être repassé sans perdre les propriétés.</p>
<div style=""text-align: left;""> </div>
<div style=""text-align: left;""> </div>
<br />
<div style=""text-align: left;""><strong>Caractéristiques:</strong></div>
<div style=""text-align: left;""> </div>
<br />
<div>
<ul>
<li style=""text-align: left;"">100% coton premium</li>
<li style=""text-align: left;"">Pré - lavé, toujours garde les propriétés</li>
<li style=""text-align: left;"">Couleurs et Dessins, réalistes</li>
<li style=""text-align: left;"">Colorants à base d'eau</li>
<li style=""text-align: left;"">Libre de substances nocives (Certificación Oeko-Tex Standard 100)</li>
<li style=""text-align: left;"">Respectueux avec la durabilité environnementale</li>
</ul>
</div>
</div>
<p> </p>
<div style=""text-align: center;""> </div>",,Space Toons Long T-shirt,"Vêtements full-printing imprimés en 3D. T-shirts, sweatshirts, chaussettes, débardeur, accessoires et bien plus encore. Tous imprimés sur coton 100% avec des dessins hyperréalistes.",space-toons-long-t-shirt
1647,Hello Parrot Long T-shirt,"<div style=""text-align: center;"">
<p style=""text-align: left;"">Nos vêtements ne rétrécissent pas et les coleurs disparaissent jamais. Nous utilisons des colorants naturels complètement exempt de substances nocives (Oeko-Tex Standard 100 - certification). Chaque vêtement est fait en vertu d'un processus manuel teinté avec des colorants à base d'eau et amicales avec l'environnement . Notre système d'impression est un processus unique qui permet d'imprimer directement sur les fibres des produits afin d'assurer réalisme et durabilité dans les couleurs . Merci à cela, nos vêtements peut être repassé sans perdre les propriétés.</p>
<div style=""text-align: left;""> </div>
<div style=""text-align: left;""> </div>
<br />
<div style=""text-align: left;""><strong>Caractéristiques:</strong></div>
<div style=""text-align: left;""> </div>
<br />
<div>
<ul>
<li style=""text-align: left;"">100% coton premium</li>
<li style=""text-align: left;"">Pré - lavé, toujours garde les propriétés</li>
<li style=""text-align: left;"">Couleurs et Dessins, réalistes</li>
<li style=""text-align: left;"">Colorants à base d'eau</li>
<li style=""text-align: left;"">Libre de substances nocives (Certificación Oeko-Tex Standard 100)</li>
<li style=""text-align: left;"">Respectueux avec la durabilité environnementale</li>
</ul>
</div>
</div>
<p> </p>
<div style=""text-align: center;""> </div>",,Hello Parrot Long T-shirt,"Vêtements full-printing imprimés en 3D. T-shirts, sweatshirts, chaussettes, débardeur, accessoires et bien plus encore. Tous imprimés sur coton 100% avec des dessins hyperréalistes.",hello-parrot-long-t-shirt
1648,Sluggish Toons Long T-shirt,"<div style=""text-align: center;"">
<p style=""text-align: left;"">Nos vêtements ne rétrécissent pas et les coleurs disparaissent jamais. Nous utilisons des colorants naturels complètement exempt de substances nocives (Oeko-Tex Standard 100 - certification). Chaque vêtement est fait en vertu d'un processus manuel teinté avec des colorants à base d'eau et amicales avec l'environnement . Notre système d'impression est un processus unique qui permet d'imprimer directement sur les fibres des produits afin d'assurer réalisme et durabilité dans les couleurs . Merci à cela, nos vêtements peut être repassé sans perdre les propriétés.</p>
<div style=""text-align: left;""> </div>
<div style=""text-align: left;""> </div>
<br />
<div style=""text-align: left;""><strong>Caractéristiques:</strong></div>
<div style=""text-align: left;""> </div>
<br />
<div>
<ul>
<li style=""text-align: left;"">100% coton premium</li>
<li style=""text-align: left;"">Pré - lavé, toujours garde les propriétés</li>
<li style=""text-align: left;"">Couleurs et Dessins, réalistes</li>
<li style=""text-align: left;"">Colorants à base d'eau</li>
<li style=""text-align: left;"">Libre de substances nocives (Certificación Oeko-Tex Standard 100)</li>
<li style=""text-align: left;"">Respectueux avec la durabilité environnementale</li>
</ul>
</div>
</div>
<p> </p>
<div style=""text-align: center;""> </div>",,Sluggish Toons Long T-shirt,"Vêtements full-printing imprimés en 3D. T-shirts, sweatshirts, chaussettes, débardeur, accessoires et bien plus encore. Tous imprimés sur coton 100% avec des dessins hyperréalistes.",sluggish-toons-long-t-shirt
1649,Sniffing Dog Long T-shirt,"<div style=""text-align: center;"">
<p style=""text-align: left;"">Nos vêtements ne rétrécissent pas et les coleurs disparaissent jamais. Nous utilisons des colorants naturels complètement exempt de substances nocives (Oeko-Tex Standard 100 - certification). Chaque vêtement est fait en vertu d'un processus manuel teinté avec des colorants à base d'eau et amicales avec l'environnement . Notre système d'impression est un processus unique qui permet d'imprimer directement sur les fibres des produits afin d'assurer réalisme et durabilité dans les couleurs . Merci à cela, nos vêtements peut être repassé sans perdre les propriétés.</p>
<div style=""text-align: left;""> </div>
<div style=""text-align: left;""> </div>
<br />
<div style=""text-align: left;""><strong>Caractéristiques:</strong></div>
<div style=""text-align: left;""> </div>
<br />
<div>
<ul>
<li style=""text-align: left;"">100% coton premium</li>
<li style=""text-align: left;"">Pré - lavé, toujours garde les propriétés</li>
<li style=""text-align: left;"">Couleurs et Dessins, réalistes</li>
<li style=""text-align: left;"">Colorants à base d'eau</li>
<li style=""text-align: left;"">Libre de substances nocives (Certificación Oeko-Tex Standard 100)</li>
<li style=""text-align: left;"">Respectueux avec la durabilité environnementale</li>
</ul>
</div>
</div>
<p> </p>
<div style=""text-align: center;""> </div>",,Sniffing Dog Long T-shirt,"Vêtements full-printing imprimés en 3D. T-shirts, sweatshirts, chaussettes, débardeur, accessoires et bien plus encore. Tous imprimés sur coton 100% avec des dessins hyperréalistes.",sniffing-dog-long-t-shirt
1650,Abstract Ilusion Coussin,"<div style=""text-align: center;"">
<p style=""text-align: left;"">Nos vêtements ne rétrécissent pas et les coleurs disparaissent jamais. Nous utilisons des colorants naturels complètement exempt de substances nocives (Oeko-Tex Standard 100 - certification). Chaque vêtement est fait en vertu d'un processus manuel teinté avec des colorants à base d'eau et amicales avec l'environnement . Notre système d'impression est un processus unique qui permet d'imprimer directement sur les fibres des produits afin d'assurer réalisme et durabilité dans les couleurs . Merci à cela, nos vêtements peut être repassé sans perdre les propriétés.</p>
<div style=""text-align: left;""> </div>
<div style=""text-align: left;""> </div>
<br />
<div style=""text-align: left;""><strong>Caractéristiques:</strong></div>
<div style=""text-align: left;""> </div>
<br />
<div>
<ul>
<li style=""text-align: left;"">100% coton premium</li>
<li style=""text-align: left;"">Pré - lavé, toujours garde les propriétés</li>
<li style=""text-align: left;"">Couleurs et Dessins, réalistes</li>
<li style=""text-align: left;"">Colorants à base d'eau</li>
<li style=""text-align: left;"">Libre de substances nocives (Certificación Oeko-Tex Standard 100)</li>
<li style=""text-align: left;"">Respectueux avec la durabilité environnementale</li>
</ul>
</div>
</div>
<p> </p>
<div style=""text-align: center;""> </div>",,Abstract Ilusion Coussin,"Vêtements full-printing imprimés en 3D. T-shirts, sweatshirts, chaussettes, débardeur, accessoires et bien plus encore. Tous imprimés sur coton 100% avec des dessins hyperréalistes.",abstract-ilusion-coussin
1651,City Sky Line Coussin,"<div style=""text-align: center;"">
<p style=""text-align: left;"">Nos vêtements ne rétrécissent pas et les coleurs disparaissent jamais. Nous utilisons des colorants naturels complètement exempt de substances nocives (Oeko-Tex Standard 100 - certification). Chaque vêtement est fait en vertu d'un processus manuel teinté avec des colorants à base d'eau et amicales avec l'environnement . Notre système d'impression est un processus unique qui permet d'imprimer directement sur les fibres des produits afin d'assurer réalisme et durabilité dans les couleurs . Merci à cela, nos vêtements peut être repassé sans perdre les propriétés.</p>
<div style=""text-align: left;""> </div>
<div style=""text-align: left;""> </div>
<br />
<div style=""text-align: left;""><strong>Caractéristiques:</strong></div>
<div style=""text-align: left;""> </div>
<br />
<div>
<ul>
<li style=""text-align: left;"">100% coton premium</li>
<li style=""text-align: left;"">Pré - lavé, toujours garde les propriétés</li>
<li style=""text-align: left;"">Couleurs et Dessins, réalistes</li>
<li style=""text-align: left;"">Colorants à base d'eau</li>
<li style=""text-align: left;"">Libre de substances nocives (Certificación Oeko-Tex Standard 100)</li>
<li style=""text-align: left;"">Respectueux avec la durabilité environnementale</li>
</ul>
</div>
</div>
<p> </p>
<div style=""text-align: center;""> </div>",,City Sky Line Coussin,"Vêtements full-printing imprimés en 3D. T-shirts, sweatshirts, chaussettes, débardeur, accessoires et bien plus encore. Tous imprimés sur coton 100% avec des dessins hyperréalistes.",city-sky-line-coussin
1652,Hey Monkey Coussin,"<div style=""text-align: center;"">
<p style=""text-align: left;"">Nos vêtements ne rétrécissent pas et les coleurs disparaissent jamais. Nous utilisons des colorants naturels complètement exempt de substances nocives (Oeko-Tex Standard 100 - certification). Chaque vêtement est fait en vertu d'un processus manuel teinté avec des colorants à base d'eau et amicales avec l'environnement . Notre système d'impression est un processus unique qui permet d'imprimer directement sur les fibres des produits afin d'assurer réalisme et durabilité dans les couleurs . Merci à cela, nos vêtements peut être repassé sans perdre les propriétés.</p>
<div style=""text-align: left;""> </div>
<div style=""text-align: left;""> </div>
<br />
<div style=""text-align: left;""><strong>Caractéristiques:</strong></div>
<div style=""text-align: left;""> </div>
<br />
<div>
<ul>
<li style=""text-align: left;"">100% coton premium</li>
<li style=""text-align: left;"">Pré - lavé, toujours garde les propriétés</li>
<li style=""text-align: left;"">Couleurs et Dessins, réalistes</li>
<li style=""text-align: left;"">Colorants à base d'eau</li>
<li style=""text-align: left;"">Libre de substances nocives (Certificación Oeko-Tex Standard 100)</li>
<li style=""text-align: left;"">Respectueux avec la durabilité environnementale</li>
</ul>
</div>
</div>
<p> </p>
<div style=""text-align: center;""> </div>",,Hey Monkey Coussin,"Vêtements full-printing imprimés en 3D. T-shirts, sweatshirts, chaussettes, débardeur, accessoires et bien plus encore. Tous imprimés sur coton 100% avec des dessins hyperréalistes.",hey-monkey-coussin
1653,Leopard Texture Coussin,"<div style=""text-align: center;"">
<p style=""text-align: left;"">Nos vêtements ne rétrécissent pas et les coleurs disparaissent jamais. Nous utilisons des colorants naturels complètement exempt de substances nocives (Oeko-Tex Standard 100 - certification). Chaque vêtement est fait en vertu d'un processus manuel teinté avec des colorants à base d'eau et amicales avec l'environnement . Notre système d'impression est un processus unique qui permet d'imprimer directement sur les fibres des produits afin d'assurer réalisme et durabilité dans les couleurs . Merci à cela, nos vêtements peut être repassé sans perdre les propriétés.</p>
<div style=""text-align: left;""> </div>
<div style=""text-align: left;""> </div>
<br />
<div style=""text-align: left;""><strong>Caractéristiques:</strong></div>
<div style=""text-align: left;""> </div>
<br />
<div>
<ul>
<li style=""text-align: left;"">100% coton premium</li>
<li style=""text-align: left;"">Pré - lavé, toujours garde les propriétés</li>
<li style=""text-align: left;"">Couleurs et Dessins, réalistes</li>
<li style=""text-align: left;"">Colorants à base d'eau</li>
<li style=""text-align: left;"">Libre de substances nocives (Certificación Oeko-Tex Standard 100)</li>
<li style=""text-align: left;"">Respectueux avec la durabilité environnementale</li>
</ul>
</div>
</div>
<p> </p>
<div style=""text-align: center;""> </div>",,Leopard Texture Coussin,"Vêtements full-printing imprimés en 3D. T-shirts, sweatshirts, chaussettes, débardeur, accessoires et bien plus encore. Tous imprimés sur coton 100% avec des dessins hyperréalistes.",leopard-texture-coussin
1654,Sushi Pack Coussin,"<div style=""text-align: center;"">
<p style=""text-align: left;"">Nos vêtements ne rétrécissent pas et les coleurs disparaissent jamais. Nous utilisons des colorants naturels complètement exempt de substances nocives (Oeko-Tex Standard 100 - certification). Chaque vêtement est fait en vertu d'un processus manuel teinté avec des colorants à base d'eau et amicales avec l'environnement . Notre système d'impression est un processus unique qui permet d'imprimer directement sur les fibres des produits afin d'assurer réalisme et durabilité dans les couleurs . Merci à cela, nos vêtements peut être repassé sans perdre les propriétés.</p>
<div style=""text-align: left;""> </div>
<div style=""text-align: left;""> </div>
<br />
<div style=""text-align: left;""><strong>Caractéristiques:</strong></div>
<div style=""text-align: left;""> </div>
<br />
<div>
<ul>
<li style=""text-align: left;"">100% coton premium</li>
<li style=""text-align: left;"">Pré - lavé, toujours garde les propriétés</li>
<li style=""text-align: left;"">Couleurs et Dessins, réalistes</li>
<li style=""text-align: left;"">Colorants à base d'eau</li>
<li style=""text-align: left;"">Libre de substances nocives (Certificación Oeko-Tex Standard 100)</li>
<li style=""text-align: left;"">Respectueux avec la durabilité environnementale</li>
</ul>
</div>
</div>
<p> </p>
<div style=""text-align: center;""> </div>",,Sushi Pack Coussin,"Vêtements full-printing imprimés en 3D. T-shirts, sweatshirts, chaussettes, débardeur, accessoires et bien plus encore. Tous imprimés sur coton 100% avec des dessins hyperréalistes.",sushi-pack-coussin
1655,Spicy Chili Coussin,"<div style=""text-align: center;"">
<p style=""text-align: left;"">Nos vêtements ne rétrécissent pas et les coleurs disparaissent jamais. Nous utilisons des colorants naturels complètement exempt de substances nocives (Oeko-Tex Standard 100 - certification). Chaque vêtement est fait en vertu d'un processus manuel teinté avec des colorants à base d'eau et amicales avec l'environnement . Notre système d'impression est un processus unique qui permet d'imprimer directement sur les fibres des produits afin d'assurer réalisme et durabilité dans les couleurs . Merci à cela, nos vêtements peut être repassé sans perdre les propriétés.</p>
<div style=""text-align: left;""> </div>
<div style=""text-align: left;""> </div>
<br />
<div style=""text-align: left;""><strong>Caractéristiques:</strong></div>
<div style=""text-align: left;""> </div>
<br />
<div>
<ul>
<li style=""text-align: left;"">100% coton premium</li>
<li style=""text-align: left;"">Pré - lavé, toujours garde les propriétés</li>
<li style=""text-align: left;"">Couleurs et Dessins, réalistes</li>
<li style=""text-align: left;"">Colorants à base d'eau</li>
<li style=""text-align: left;"">Libre de substances nocives (Certificación Oeko-Tex Standard 100)</li>
<li style=""text-align: left;"">Respectueux avec la durabilité environnementale</li>
</ul>
</div>
</div>
<p> </p>
<div style=""text-align: center;""> </div>",,Spicy Chili Coussin,"Vêtements full-printing imprimés en 3D. T-shirts, sweatshirts, chaussettes, débardeur, accessoires et bien plus encore. Tous imprimés sur coton 100% avec des dessins hyperréalistes.",spicy-chili-coussin
1656,Old News Papper Coussin,"<div style=""text-align: center;"">
<p style=""text-align: left;"">Nos vêtements ne rétrécissent pas et les coleurs disparaissent jamais. Nous utilisons des colorants naturels complètement exempt de substances nocives (Oeko-Tex Standard 100 - certification). Chaque vêtement est fait en vertu d'un processus manuel teinté avec des colorants à base d'eau et amicales avec l'environnement . Notre système d'impression est un processus unique qui permet d'imprimer directement sur les fibres des produits afin d'assurer réalisme et durabilité dans les couleurs . Merci à cela, nos vêtements peut être repassé sans perdre les propriétés.</p>
<div style=""text-align: left;""> </div>
<div style=""text-align: left;""> </div>
<br />
<div style=""text-align: left;""><strong>Caractéristiques:</strong></div>
<div style=""text-align: left;""> </div>
<br />
<div>
<ul>
<li style=""text-align: left;"">100% coton premium</li>
<li style=""text-align: left;"">Pré - lavé, toujours garde les propriétés</li>
<li style=""text-align: left;"">Couleurs et Dessins, réalistes</li>
<li style=""text-align: left;"">Colorants à base d'eau</li>
<li style=""text-align: left;"">Libre de substances nocives (Certificación Oeko-Tex Standard 100)</li>
<li style=""text-align: left;"">Respectueux avec la durabilité environnementale</li>
</ul>
</div>
</div>
<p> </p>
<div style=""text-align: center;""> </div>",,Old News Papper Coussin,"Vêtements full-printing imprimés en 3D. T-shirts, sweatshirts, chaussettes, débardeur, accessoires et bien plus encore. Tous imprimés sur coton 100% avec des dessins hyperréalistes.",old-news-papper-coussin
1657,Paint Cylinders Coussin,"<div style=""text-align: center;"">
<p style=""text-align: left;"">Nos vêtements ne rétrécissent pas et les coleurs disparaissent jamais. Nous utilisons des colorants naturels complètement exempt de substances nocives (Oeko-Tex Standard 100 - certification). Chaque vêtement est fait en vertu d'un processus manuel teinté avec des colorants à base d'eau et amicales avec l'environnement . Notre système d'impression est un processus unique qui permet d'imprimer directement sur les fibres des produits afin d'assurer réalisme et durabilité dans les couleurs . Merci à cela, nos vêtements peut être repassé sans perdre les propriétés.</p>
<div style=""text-align: left;""> </div>
<div style=""text-align: left;""> </div>
<br />
<div style=""text-align: left;""><strong>Caractéristiques:</strong></div>
<div style=""text-align: left;""> </div>
<br />
<div>
<ul>
<li style=""text-align: left;"">100% coton premium</li>
<li style=""text-align: left;"">Pré - lavé, toujours garde les propriétés</li>
<li style=""text-align: left;"">Couleurs et Dessins, réalistes</li>
<li style=""text-align: left;"">Colorants à base d'eau</li>
<li style=""text-align: left;"">Libre de substances nocives (Certificación Oeko-Tex Standard 100)</li>
<li style=""text-align: left;"">Respectueux avec la durabilité environnementale</li>
</ul>
</div>
</div>
<p> </p>
<div style=""text-align: center;""> </div>",,Paint Cylinders Coussin,"Vêtements full-printing imprimés en 3D. T-shirts, sweatshirts, chaussettes, débardeur, accessoires et bien plus encore. Tous imprimés sur coton 100% avec des dessins hyperréalistes.",paint-cylinders-coussin
1658,Vintage Mapamundi Coussin,"<div style=""text-align: center;"">
<p style=""text-align: left;"">Nos vêtements ne rétrécissent pas et les coleurs disparaissent jamais. Nous utilisons des colorants naturels complètement exempt de substances nocives (Oeko-Tex Standard 100 - certification). Chaque vêtement est fait en vertu d'un processus manuel teinté avec des colorants à base d'eau et amicales avec l'environnement . Notre système d'impression est un processus unique qui permet d'imprimer directement sur les fibres des produits afin d'assurer réalisme et durabilité dans les couleurs . Merci à cela, nos vêtements peut être repassé sans perdre les propriétés.</p>
<div style=""text-align: left;""> </div>
<div style=""text-align: left;""> </div>
<br />
<div style=""text-align: left;""><strong>Caractéristiques:</strong></div>
<div style=""text-align: left;""> </div>
<br />
<div>
<ul>
<li style=""text-align: left;"">100% coton premium</li>
<li style=""text-align: left;"">Pré - lavé, toujours garde les propriétés</li>
<li style=""text-align: left;"">Couleurs et Dessins, réalistes</li>
<li style=""text-align: left;"">Colorants à base d'eau</li>
<li style=""text-align: left;"">Libre de substances nocives (Certificación Oeko-Tex Standard 100)</li>
<li style=""text-align: left;"">Respectueux avec la durabilité environnementale</li>
</ul>
</div>
</div>
<p> </p>
<div style=""text-align: center;""> </div>",,Vintage Mapamundi Coussin,"Vêtements full-printing imprimés en 3D. T-shirts, sweatshirts, chaussettes, débardeur, accessoires et bien plus encore. Tous imprimés sur coton 100% avec des dessins hyperréalistes.",vintage-mapamundi-coussin
1659,Sniffing Dog Coussin,"<div style=""text-align: center;"">
<p style=""text-align: left;"">Nos vêtements ne rétrécissent pas et les coleurs disparaissent jamais. Nous utilisons des colorants naturels complètement exempt de substances nocives (Oeko-Tex Standard 100 - certification). Chaque vêtement est fait en vertu d'un processus manuel teinté avec des colorants à base d'eau et amicales avec l'environnement . Notre système d'impression est un processus unique qui permet d'imprimer directement sur les fibres des produits afin d'assurer réalisme et durabilité dans les couleurs . Merci à cela, nos vêtements peut être repassé sans perdre les propriétés.</p>
<div style=""text-align: left;""> </div>
<div style=""text-align: left;""> </div>
<br />
<div style=""text-align: left;""><strong>Caractéristiques:</strong></div>
<div style=""text-align: left;""> </div>
<br />
<div>
<ul>
<li style=""text-align: left;"">100% coton premium</li>
<li style=""text-align: left;"">Pré - lavé, toujours garde les propriétés</li>
<li style=""text-align: left;"">Couleurs et Dessins, réalistes</li>
<li style=""text-align: left;"">Colorants à base d'eau</li>
<li style=""text-align: left;"">Libre de substances nocives (Certificación Oeko-Tex Standard 100)</li>
<li style=""text-align: left;"">Respectueux avec la durabilité environnementale</li>
</ul>
</div>
</div>
<p> </p>
<div style=""text-align: center;""> </div>",,Sniffing Dog Coussin,"Vêtements full-printing imprimés en 3D. T-shirts, sweatshirts, chaussettes, débardeur, accessoires et bien plus encore. Tous imprimés sur coton 100% avec des dessins hyperréalistes.",sniffing-dog-coussin
1660,Alphabet Coussin,"<div style=""text-align: center;"">
<p style=""text-align: left;"">Nos vêtements ne rétrécissent pas et les coleurs disparaissent jamais. Nous utilisons des colorants naturels complètement exempt de substances nocives (Oeko-Tex Standard 100 - certification). Chaque vêtement est fait en vertu d'un processus manuel teinté avec des colorants à base d'eau et amicales avec l'environnement . Notre système d'impression est un processus unique qui permet d'imprimer directement sur les fibres des produits afin d'assurer réalisme et durabilité dans les couleurs . Merci à cela, nos vêtements peut être repassé sans perdre les propriétés.</p>
<div style=""text-align: left;""> </div>
<div style=""text-align: left;""> </div>
<br />
<div style=""text-align: left;""><strong>Caractéristiques:</strong></div>
<div style=""text-align: left;""> </div>
<br />
<div>
<ul>
<li style=""text-align: left;"">100% coton premium</li>
<li style=""text-align: left;"">Pré - lavé, toujours garde les propriétés</li>
<li style=""text-align: left;"">Couleurs et Dessins, réalistes</li>
<li style=""text-align: left;"">Colorants à base d'eau</li>
<li style=""text-align: left;"">Libre de substances nocives (Certificación Oeko-Tex Standard 100)</li>
<li style=""text-align: left;"">Respectueux avec la durabilité environnementale</li>
</ul>
</div>
</div>
<p> </p>
<div style=""text-align: center;""> </div>",,Alphabet Coussin,"Vêtements full-printing imprimés en 3D. T-shirts, sweatshirts, chaussettes, débardeur, accessoires et bien plus encore. Tous imprimés sur coton 100% avec des dessins hyperréalistes.",alphabet-coussin
1661,Lego Texture Coussin,"<div style=""text-align: center;"">
<p style=""text-align: left;"">Nos vêtements ne rétrécissent pas et les coleurs disparaissent jamais. Nous utilisons des colorants naturels complètement exempt de substances nocives (Oeko-Tex Standard 100 - certification). Chaque vêtement est fait en vertu d'un processus manuel teinté avec des colorants à base d'eau et amicales avec l'environnement . Notre système d'impression est un processus unique qui permet d'imprimer directement sur les fibres des produits afin d'assurer réalisme et durabilité dans les couleurs . Merci à cela, nos vêtements peut être repassé sans perdre les propriétés.</p>
<div style=""text-align: left;""> </div>
<div style=""text-align: left;""> </div>
<br />
<div style=""text-align: left;""><strong>Caractéristiques:</strong></div>
<div style=""text-align: left;""> </div>
<br />
<div>
<ul>
<li style=""text-align: left;"">100% coton premium</li>
<li style=""text-align: left;"">Pré - lavé, toujours garde les propriétés</li>
<li style=""text-align: left;"">Couleurs et Dessins, réalistes</li>
<li style=""text-align: left;"">Colorants à base d'eau</li>
<li style=""text-align: left;"">Libre de substances nocives (Certificación Oeko-Tex Standard 100)</li>
<li style=""text-align: left;"">Respectueux avec la durabilité environnementale</li>
</ul>
</div>
</div>
<p> </p>
<div style=""text-align: center;""> </div>",,Lego Texture Coussin,"Vêtements full-printing imprimés en 3D. T-shirts, sweatshirts, chaussettes, débardeur, accessoires et bien plus encore. Tous imprimés sur coton 100% avec des dessins hyperréalistes.",lego-texture-coussin
1662,Captain Monkey Coussin,"<div style=""text-align: center;"">
<p style=""text-align: left;"">Nos vêtements ne rétrécissent pas et les coleurs disparaissent jamais. Nous utilisons des colorants naturels complètement exempt de substances nocives (Oeko-Tex Standard 100 - certification). Chaque vêtement est fait en vertu d'un processus manuel teinté avec des colorants à base d'eau et amicales avec l'environnement . Notre système d'impression est un processus unique qui permet d'imprimer directement sur les fibres des produits afin d'assurer réalisme et durabilité dans les couleurs . Merci à cela, nos vêtements peut être repassé sans perdre les propriétés.</p>
<div style=""text-align: left;""> </div>
<div style=""text-align: left;""> </div>
<br />
<div style=""text-align: left;""><strong>Caractéristiques:</strong></div>
<div style=""text-align: left;""> </div>
<br />
<div>
<ul>
<li style=""text-align: left;"">100% coton premium</li>
<li style=""text-align: left;"">Pré - lavé, toujours garde les propriétés</li>
<li style=""text-align: left;"">Couleurs et Dessins, réalistes</li>
<li style=""text-align: left;"">Colorants à base d'eau</li>
<li style=""text-align: left;"">Libre de substances nocives (Certificación Oeko-Tex Standard 100)</li>
<li style=""text-align: left;"">Respectueux avec la durabilité environnementale</li>
</ul>
</div>
</div>
<p> </p>
<div style=""text-align: center;""> </div>",,Captain Monkey Coussin,"Vêtements full-printing imprimés en 3D. T-shirts, sweatshirts, chaussettes, débardeur, accessoires et bien plus encore. Tous imprimés sur coton 100% avec des dessins hyperréalistes.",captain-monkey-coussin
1663,Toons Party Coussin,"<div style=""text-align: center;"">
<p style=""text-align: left;"">Nos vêtements ne rétrécissent pas et les coleurs disparaissent jamais. Nous utilisons des colorants naturels complètement exempt de substances nocives (Oeko-Tex Standard 100 - certification). Chaque vêtement est fait en vertu d'un processus manuel teinté avec des colorants à base d'eau et amicales avec l'environnement . Notre système d'impression est un processus unique qui permet d'imprimer directement sur les fibres des produits afin d'assurer réalisme et durabilité dans les couleurs . Merci à cela, nos vêtements peut être repassé sans perdre les propriétés.</p>
<div style=""text-align: left;""> </div>
<div style=""text-align: left;""> </div>
<br />
<div style=""text-align: left;""><strong>Caractéristiques:</strong></div>
<div style=""text-align: left;""> </div>
<br />
<div>
<ul>
<li style=""text-align: left;"">100% coton premium</li>
<li style=""text-align: left;"">Pré - lavé, toujours garde les propriétés</li>
<li style=""text-align: left;"">Couleurs et Dessins, réalistes</li>
<li style=""text-align: left;"">Colorants à base d'eau</li>
<li style=""text-align: left;"">Libre de substances nocives (Certificación Oeko-Tex Standard 100)</li>
<li style=""text-align: left;"">Respectueux avec la durabilité environnementale</li>
</ul>
</div>
</div>
<p> </p>
<div style=""text-align: center;""> </div>",,Toons Party Coussin,"Vêtements full-printing imprimés en 3D. T-shirts, sweatshirts, chaussettes, débardeur, accessoires et bien plus encore. Tous imprimés sur coton 100% avec des dessins hyperréalistes.",toons-party-coussin
1664,NY City Coussin,"<div style=""text-align: center;"">
<p style=""text-align: left;"">Nos vêtements ne rétrécissent pas et les coleurs disparaissent jamais. Nous utilisons des colorants naturels complètement exempt de substances nocives (Oeko-Tex Standard 100 - certification). Chaque vêtement est fait en vertu d'un processus manuel teinté avec des colorants à base d'eau et amicales avec l'environnement . Notre système d'impression est un processus unique qui permet d'imprimer directement sur les fibres des produits afin d'assurer réalisme et durabilité dans les couleurs . Merci à cela, nos vêtements peut être repassé sans perdre les propriétés.</p>
<div style=""text-align: left;""> </div>
<div style=""text-align: left;""> </div>
<br />
<div style=""text-align: left;""><strong>Caractéristiques:</strong></div>
<div style=""text-align: left;""> </div>
<br />
<div>
<ul>
<li style=""text-align: left;"">100% coton premium</li>
<li style=""text-align: left;"">Pré - lavé, toujours garde les propriétés</li>
<li style=""text-align: left;"">Couleurs et Dessins, réalistes</li>
<li style=""text-align: left;"">Colorants à base d'eau</li>
<li style=""text-align: left;"">Libre de substances nocives (Certificación Oeko-Tex Standard 100)</li>
<li style=""text-align: left;"">Respectueux avec la durabilité environnementale</li>
</ul>
</div>
</div>
<p> </p>
<div style=""text-align: center;""> </div>",,NY City Coussin,"Vêtements full-printing imprimés en 3D. T-shirts, sweatshirts, chaussettes, débardeur, accessoires et bien plus encore. Tous imprimés sur coton 100% avec des dessins hyperréalistes.",ny-city-coussin
1665,Marching Monkey Coussin,"<div style=""text-align: center;"">
<p style=""text-align: left;"">Nos vêtements ne rétrécissent pas et les coleurs disparaissent jamais. Nous utilisons des colorants naturels complètement exempt de substances nocives (Oeko-Tex Standard 100 - certification). Chaque vêtement est fait en vertu d'un processus manuel teinté avec des colorants à base d'eau et amicales avec l'environnement . Notre système d'impression est un processus unique qui permet d'imprimer directement sur les fibres des produits afin d'assurer réalisme et durabilité dans les couleurs . Merci à cela, nos vêtements peut être repassé sans perdre les propriétés.</p>
<div style=""text-align: left;""> </div>
<div style=""text-align: left;""> </div>
<br />
<div style=""text-align: left;""><strong>Caractéristiques:</strong></div>
<div style=""text-align: left;""> </div>
<br />
<div>
<ul>
<li style=""text-align: left;"">100% coton premium</li>
<li style=""text-align: left;"">Pré - lavé, toujours garde les propriétés</li>
<li style=""text-align: left;"">Couleurs et Dessins, réalistes</li>
<li style=""text-align: left;"">Colorants à base d'eau</li>
<li style=""text-align: left;"">Libre de substances nocives (Certificación Oeko-Tex Standard 100)</li>
<li style=""text-align: left;"">Respectueux avec la durabilité environnementale</li>
</ul>
</div>
</div>
<p> </p>
<div style=""text-align: center;""> </div>",,Marching Monkey Coussin,"Vêtements full-printing imprimés en 3D. T-shirts, sweatshirts, chaussettes, débardeur, accessoires et bien plus encore. Tous imprimés sur coton 100% avec des dessins hyperréalistes.",marching-monkey-coussin
1666,Hey Monster Coussin,"<div style=""text-align: center;"">
<p style=""text-align: left;"">Nos vêtements ne rétrécissent pas et les coleurs disparaissent jamais. Nous utilisons des colorants naturels complètement exempt de substances nocives (Oeko-Tex Standard 100 - certification). Chaque vêtement est fait en vertu d'un processus manuel teinté avec des colorants à base d'eau et amicales avec l'environnement . Notre système d'impression est un processus unique qui permet d'imprimer directement sur les fibres des produits afin d'assurer réalisme et durabilité dans les couleurs . Merci à cela, nos vêtements peut être repassé sans perdre les propriétés.</p>
<div style=""text-align: left;""> </div>
<div style=""text-align: left;""> </div>
<br />
<div style=""text-align: left;""><strong>Caractéristiques:</strong></div>
<div style=""text-align: left;""> </div>
<br />
<div>
<ul>
<li style=""text-align: left;"">100% coton premium</li>
<li style=""text-align: left;"">Pré - lavé, toujours garde les propriétés</li>
<li style=""text-align: left;"">Couleurs et Dessins, réalistes</li>
<li style=""text-align: left;"">Colorants à base d'eau</li>
<li style=""text-align: left;"">Libre de substances nocives (Certificación Oeko-Tex Standard 100)</li>
<li style=""text-align: left;"">Respectueux avec la durabilité environnementale</li>
</ul>
</div>
</div>
<p> </p>
<div style=""text-align: center;""> </div>",,Hey Monster Coussin,"Vêtements full-printing imprimés en 3D. T-shirts, sweatshirts, chaussettes, débardeur, accessoires et bien plus encore. Tous imprimés sur coton 100% avec des dessins hyperréalistes.",hey-monster-coussin
1667,Sweet Cupcakes Coussin,"<div style=""text-align: center;"">
<p style=""text-align: left;"">Nos vêtements ne rétrécissent pas et les coleurs disparaissent jamais. Nous utilisons des colorants naturels complètement exempt de substances nocives (Oeko-Tex Standard 100 - certification). Chaque vêtement est fait en vertu d'un processus manuel teinté avec des colorants à base d'eau et amicales avec l'environnement . Notre système d'impression est un processus unique qui permet d'imprimer directement sur les fibres des produits afin d'assurer réalisme et durabilité dans les couleurs . Merci à cela, nos vêtements peut être repassé sans perdre les propriétés.</p>
<div style=""text-align: left;""> </div>
<div style=""text-align: left;""> </div>
<br />
<div style=""text-align: left;""><strong>Caractéristiques:</strong></div>
<div style=""text-align: left;""> </div>
<br />
<div>
<ul>
<li style=""text-align: left;"">100% coton premium</li>
<li style=""text-align: left;"">Pré - lavé, toujours garde les propriétés</li>
<li style=""text-align: left;"">Couleurs et Dessins, réalistes</li>
<li style=""text-align: left;"">Colorants à base d'eau</li>
<li style=""text-align: left;"">Libre de substances nocives (Certificación Oeko-Tex Standard 100)</li>
<li style=""text-align: left;"">Respectueux avec la durabilité environnementale</li>
</ul>
</div>
</div>
<p> </p>
<div style=""text-align: center;""> </div>",,Sweet Cupcakes Coussin,"Vêtements full-printing imprimés en 3D. T-shirts, sweatshirts, chaussettes, débardeur, accessoires et bien plus encore. Tous imprimés sur coton 100% avec des dessins hyperréalistes.",sweet-cupcakes-coussin
1668,Elephant Eye Coussin,"<div style=""text-align: center;"">
<p style=""text-align: left;"">Nos vêtements ne rétrécissent pas et les coleurs disparaissent jamais. Nous utilisons des colorants naturels complètement exempt de substances nocives (Oeko-Tex Standard 100 - certification). Chaque vêtement est fait en vertu d'un processus manuel teinté avec des colorants à base d'eau et amicales avec l'environnement . Notre système d'impression est un processus unique qui permet d'imprimer directement sur les fibres des produits afin d'assurer réalisme et durabilité dans les couleurs . Merci à cela, nos vêtements peut être repassé sans perdre les propriétés.</p>
<div style=""text-align: left;""> </div>
<div style=""text-align: left;""> </div>
<br />
<div style=""text-align: left;""><strong>Caractéristiques:</strong></div>
<div style=""text-align: left;""> </div>
<br />
<div>
<ul>
<li style=""text-align: left;"">100% coton premium</li>
<li style=""text-align: left;"">Pré - lavé, toujours garde les propriétés</li>
<li style=""text-align: left;"">Couleurs et Dessins, réalistes</li>
<li style=""text-align: left;"">Colorants à base d'eau</li>
<li style=""text-align: left;"">Libre de substances nocives (Certificación Oeko-Tex Standard 100)</li>
<li style=""text-align: left;"">Respectueux avec la durabilité environnementale</li>
</ul>
</div>
</div>
<p> </p>
<div style=""text-align: center;""> </div>",,Elephant Eye Coussin,"Vêtements full-printing imprimés en 3D. T-shirts, sweatshirts, chaussettes, débardeur, accessoires et bien plus encore. Tous imprimés sur coton 100% avec des dessins hyperréalistes.",elephant-eye-coussin
1669,Silly Puppy Coussin,"<div style=""text-align: center;"">
<p style=""text-align: left;"">Nos vêtements ne rétrécissent pas et les coleurs disparaissent jamais. Nous utilisons des colorants naturels complètement exempt de substances nocives (Oeko-Tex Standard 100 - certification). Chaque vêtement est fait en vertu d'un processus manuel teinté avec des colorants à base d'eau et amicales avec l'environnement . Notre système d'impression est un processus unique qui permet d'imprimer directement sur les fibres des produits afin d'assurer réalisme et durabilité dans les couleurs . Merci à cela, nos vêtements peut être repassé sans perdre les propriétés.</p>
<div style=""text-align: left;""> </div>
<div style=""text-align: left;""> </div>
<br />
<div style=""text-align: left;""><strong>Caractéristiques:</strong></div>
<div style=""text-align: left;""> </div>
<br />
<div>
<ul>
<li style=""text-align: left;"">100% coton premium</li>
<li style=""text-align: left;"">Pré - lavé, toujours garde les propriétés</li>
<li style=""text-align: left;"">Couleurs et Dessins, réalistes</li>
<li style=""text-align: left;"">Colorants à base d'eau</li>
<li style=""text-align: left;"">Libre de substances nocives (Certificación Oeko-Tex Standard 100)</li>
<li style=""text-align: left;"">Respectueux avec la durabilité environnementale</li>
</ul>
</div>
</div>
<p> </p>
<div style=""text-align: center;""> </div>",,Silly Puppy Coussin,"Vêtements full-printing imprimés en 3D. T-shirts, sweatshirts, chaussettes, débardeur, accessoires et bien plus encore. Tous imprimés sur coton 100% avec des dessins hyperréalistes.",silly-puppy-coussin
1670,Dream Town Coussin,"<div style=""text-align: center;"">
<p style=""text-align: left;"">Nos vêtements ne rétrécissent pas et les coleurs disparaissent jamais. Nous utilisons des colorants naturels complètement exempt de substances nocives (Oeko-Tex Standard 100 - certification). Chaque vêtement est fait en vertu d'un processus manuel teinté avec des colorants à base d'eau et amicales avec l'environnement . Notre système d'impression est un processus unique qui permet d'imprimer directement sur les fibres des produits afin d'assurer réalisme et durabilité dans les couleurs . Merci à cela, nos vêtements peut être repassé sans perdre les propriétés.</p>
<div style=""text-align: left;""> </div>
<div style=""text-align: left;""> </div>
<br />
<div style=""text-align: left;""><strong>Caractéristiques:</strong></div>
<div style=""text-align: left;""> </div>
<br />
<div>
<ul>
<li style=""text-align: left;"">100% coton premium</li>
<li style=""text-align: left;"">Pré - lavé, toujours garde les propriétés</li>
<li style=""text-align: left;"">Couleurs et Dessins, réalistes</li>
<li style=""text-align: left;"">Colorants à base d'eau</li>
<li style=""text-align: left;"">Libre de substances nocives (Certificación Oeko-Tex Standard 100)</li>
<li style=""text-align: left;"">Respectueux avec la durabilité environnementale</li>
</ul>
</div>
</div>
<p> </p>
<div style=""text-align: center;""> </div>",,Dream Town Coussin,"Vêtements full-printing imprimés en 3D. T-shirts, sweatshirts, chaussettes, débardeur, accessoires et bien plus encore. Tous imprimés sur coton 100% avec des dessins hyperréalistes.",dream-town-coussin
1671,Panter Print Coussin,"<div style=""text-align: center;"">
<p style=""text-align: left;"">Nos vêtements ne rétrécissent pas et les coleurs disparaissent jamais. Nous utilisons des colorants naturels complètement exempt de substances nocives (Oeko-Tex Standard 100 - certification). Chaque vêtement est fait en vertu d'un processus manuel teinté avec des colorants à base d'eau et amicales avec l'environnement . Notre système d'impression est un processus unique qui permet d'imprimer directement sur les fibres des produits afin d'assurer réalisme et durabilité dans les couleurs . Merci à cela, nos vêtements peut être repassé sans perdre les propriétés.</p>
<div style=""text-align: left;""> </div>
<div style=""text-align: left;""> </div>
<br />
<div style=""text-align: left;""><strong>Caractéristiques:</strong></div>
<div style=""text-align: left;""> </div>
<br />
<div>
<ul>
<li style=""text-align: left;"">100% coton premium</li>
<li style=""text-align: left;"">Pré - lavé, toujours garde les propriétés</li>
<li style=""text-align: left;"">Couleurs et Dessins, réalistes</li>
<li style=""text-align: left;"">Colorants à base d'eau</li>
<li style=""text-align: left;"">Libre de substances nocives (Certificación Oeko-Tex Standard 100)</li>
<li style=""text-align: left;"">Respectueux avec la durabilité environnementale</li>
</ul>
</div>
</div>
<p> </p>
<div style=""text-align: center;""> </div>",,Panter Print Coussin,"Vêtements full-printing imprimés en 3D. T-shirts, sweatshirts, chaussettes, débardeur, accessoires et bien plus encore. Tous imprimés sur coton 100% avec des dessins hyperréalistes.",panter-print-coussin
1672,Blue Marine Coussin,"<div style=""text-align: center;"">
<p style=""text-align: left;"">Nos vêtements ne rétrécissent pas et les coleurs disparaissent jamais. Nous utilisons des colorants naturels complètement exempt de substances nocives (Oeko-Tex Standard 100 - certification). Chaque vêtement est fait en vertu d'un processus manuel teinté avec des colorants à base d'eau et amicales avec l'environnement . Notre système d'impression est un processus unique qui permet d'imprimer directement sur les fibres des produits afin d'assurer réalisme et durabilité dans les couleurs . Merci à cela, nos vêtements peut être repassé sans perdre les propriétés.</p>
<div style=""text-align: left;""> </div>
<div style=""text-align: left;""> </div>
<br />
<div style=""text-align: left;""><strong>Caractéristiques:</strong></div>
<div style=""text-align: left;""> </div>
<br />
<div>
<ul>
<li style=""text-align: left;"">100% coton premium</li>
<li style=""text-align: left;"">Pré - lavé, toujours garde les propriétés</li>
<li style=""text-align: left;"">Couleurs et Dessins, réalistes</li>
<li style=""text-align: left;"">Colorants à base d'eau</li>
<li style=""text-align: left;"">Libre de substances nocives (Certificación Oeko-Tex Standard 100)</li>
<li style=""text-align: left;"">Respectueux avec la durabilité environnementale</li>
</ul>
</div>
</div>
<p> </p>
<div style=""text-align: center;""> </div>",,Blue Marine Coussin,"Vêtements full-printing imprimés en 3D. T-shirts, sweatshirts, chaussettes, débardeur, accessoires et bien plus encore. Tous imprimés sur coton 100% avec des dessins hyperréalistes.",blue-marine-coussin
1673,80s Flow Coussin,"<div style=""text-align: center;"">
<p style=""text-align: left;"">Nos vêtements ne rétrécissent pas et les coleurs disparaissent jamais. Nous utilisons des colorants naturels complètement exempt de substances nocives (Oeko-Tex Standard 100 - certification). Chaque vêtement est fait en vertu d'un processus manuel teinté avec des colorants à base d'eau et amicales avec l'environnement . Notre système d'impression est un processus unique qui permet d'imprimer directement sur les fibres des produits afin d'assurer réalisme et durabilité dans les couleurs . Merci à cela, nos vêtements peut être repassé sans perdre les propriétés.</p>
<div style=""text-align: left;""> </div>
<div style=""text-align: left;""> </div>
<br />
<div style=""text-align: left;""><strong>Caractéristiques:</strong></div>
<div style=""text-align: left;""> </div>
<br />
<div>
<ul>
<li style=""text-align: left;"">100% coton premium</li>
<li style=""text-align: left;"">Pré - lavé, toujours garde les propriétés</li>
<li style=""text-align: left;"">Couleurs et Dessins, réalistes</li>
<li style=""text-align: left;"">Colorants à base d'eau</li>
<li style=""text-align: left;"">Libre de substances nocives (Certificación Oeko-Tex Standard 100)</li>
<li style=""text-align: left;"">Respectueux avec la durabilité environnementale</li>
</ul>
</div>
</div>
<p> </p>
<div style=""text-align: center;""> </div>",,80s Flow Coussin,"Vêtements full-printing imprimés en 3D. T-shirts, sweatshirts, chaussettes, débardeur, accessoires et bien plus encore. Tous imprimés sur coton 100% avec des dessins hyperréalistes.",80s-flow-coussin
1674,Sky Paint Coussin,"<div style=""text-align: center;"">
<p style=""text-align: left;"">Nos vêtements ne rétrécissent pas et les coleurs disparaissent jamais. Nous utilisons des colorants naturels complètement exempt de substances nocives (Oeko-Tex Standard 100 - certification). Chaque vêtement est fait en vertu d'un processus manuel teinté avec des colorants à base d'eau et amicales avec l'environnement . Notre système d'impression est un processus unique qui permet d'imprimer directement sur les fibres des produits afin d'assurer réalisme et durabilité dans les couleurs . Merci à cela, nos vêtements peut être repassé sans perdre les propriétés.</p>
<div style=""text-align: left;""> </div>
<div style=""text-align: left;""> </div>
<br />
<div style=""text-align: left;""><strong>Caractéristiques:</strong></div>
<div style=""text-align: left;""> </div>
<br />
<div>
<ul>
<li style=""text-align: left;"">100% coton premium</li>
<li style=""text-align: left;"">Pré - lavé, toujours garde les propriétés</li>
<li style=""text-align: left;"">Couleurs et Dessins, réalistes</li>
<li style=""text-align: left;"">Colorants à base d'eau</li>
<li style=""text-align: left;"">Libre de substances nocives (Certificación Oeko-Tex Standard 100)</li>
<li style=""text-align: left;"">Respectueux avec la durabilité environnementale</li>
</ul>
</div>
</div>
<p> </p>
<div style=""text-align: center;""> </div>",,Sky Paint Coussin,"Vêtements full-printing imprimés en 3D. T-shirts, sweatshirts, chaussettes, débardeur, accessoires et bien plus encore. Tous imprimés sur coton 100% avec des dessins hyperréalistes.",sky-paint-coussin
1675,Geometrical Fox Coussin,"<div style=""text-align: center;"">
<p style=""text-align: left;"">Nos vêtements ne rétrécissent pas et les coleurs disparaissent jamais. Nous utilisons des colorants naturels complètement exempt de substances nocives (Oeko-Tex Standard 100 - certification). Chaque vêtement est fait en vertu d'un processus manuel teinté avec des colorants à base d'eau et amicales avec l'environnement . Notre système d'impression est un processus unique qui permet d'imprimer directement sur les fibres des produits afin d'assurer réalisme et durabilité dans les couleurs . Merci à cela, nos vêtements peut être repassé sans perdre les propriétés.</p>
<div style=""text-align: left;""> </div>
<div style=""text-align: left;""> </div>
<br />
<div style=""text-align: left;""><strong>Caractéristiques:</strong></div>
<div style=""text-align: left;""> </div>
<br />
<div>
<ul>
<li style=""text-align: left;"">100% coton premium</li>
<li style=""text-align: left;"">Pré - lavé, toujours garde les propriétés</li>
<li style=""text-align: left;"">Couleurs et Dessins, réalistes</li>
<li style=""text-align: left;"">Colorants à base d'eau</li>
<li style=""text-align: left;"">Libre de substances nocives (Certificación Oeko-Tex Standard 100)</li>
<li style=""text-align: left;"">Respectueux avec la durabilité environnementale</li>
</ul>
</div>
</div>
<p> </p>
<div style=""text-align: center;""> </div>",,Geometrical Fox Coussin,"Vêtements full-printing imprimés en 3D. T-shirts, sweatshirts, chaussettes, débardeur, accessoires et bien plus encore. Tous imprimés sur coton 100% avec des dessins hyperréalistes.",geometrical-fox-coussin
1676,Sweet Grapes Coussin,"<div style=""text-align: center;"">
<p style=""text-align: left;"">Nos vêtements ne rétrécissent pas et les coleurs disparaissent jamais. Nous utilisons des colorants naturels complètement exempt de substances nocives (Oeko-Tex Standard 100 - certification). Chaque vêtement est fait en vertu d'un processus manuel teinté avec des colorants à base d'eau et amicales avec l'environnement . Notre système d'impression est un processus unique qui permet d'imprimer directement sur les fibres des produits afin d'assurer réalisme et durabilité dans les couleurs . Merci à cela, nos vêtements peut être repassé sans perdre les propriétés.</p>
<div style=""text-align: left;""> </div>
<div style=""text-align: left;""> </div>
<br />
<div style=""text-align: left;""><strong>Caractéristiques:</strong></div>
<div style=""text-align: left;""> </div>
<br />
<div>
<ul>
<li style=""text-align: left;"">100% coton premium</li>
<li style=""text-align: left;"">Pré - lavé, toujours garde les propriétés</li>
<li style=""text-align: left;"">Couleurs et Dessins, réalistes</li>
<li style=""text-align: left;"">Colorants à base d'eau</li>
<li style=""text-align: left;"">Libre de substances nocives (Certificación Oeko-Tex Standard 100)</li>
<li style=""text-align: left;"">Respectueux avec la durabilité environnementale</li>
</ul>
</div>
</div>
<p> </p>
<div style=""text-align: center;""> </div>",,Sweet Grapes Coussin,"Vêtements full-printing imprimés en 3D. T-shirts, sweatshirts, chaussettes, débardeur, accessoires et bien plus encore. Tous imprimés sur coton 100% avec des dessins hyperréalistes.",sweet-grapes-coussin
1677,Beach Paradise Coussin,"<div style=""text-align: center;"">
<p style=""text-align: left;"">Nos vêtements ne rétrécissent pas et les coleurs disparaissent jamais. Nous utilisons des colorants naturels complètement exempt de substances nocives (Oeko-Tex Standard 100 - certification). Chaque vêtement est fait en vertu d'un processus manuel teinté avec des colorants à base d'eau et amicales avec l'environnement . Notre système d'impression est un processus unique qui permet d'imprimer directement sur les fibres des produits afin d'assurer réalisme et durabilité dans les couleurs . Merci à cela, nos vêtements peut être repassé sans perdre les propriétés.</p>
<div style=""text-align: left;""> </div>
<div style=""text-align: left;""> </div>
<br />
<div style=""text-align: left;""><strong>Caractéristiques:</strong></div>
<div style=""text-align: left;""> </div>
<br />
<div>
<ul>
<li style=""text-align: left;"">100% coton premium</li>
<li style=""text-align: left;"">Pré - lavé, toujours garde les propriétés</li>
<li style=""text-align: left;"">Couleurs et Dessins, réalistes</li>
<li style=""text-align: left;"">Colorants à base d'eau</li>
<li style=""text-align: left;"">Libre de substances nocives (Certificación Oeko-Tex Standard 100)</li>
<li style=""text-align: left;"">Respectueux avec la durabilité environnementale</li>
</ul>
</div>
</div>
<p> </p>
<div style=""text-align: center;""> </div>",,Beach Paradise Coussin,"Vêtements full-printing imprimés en 3D. T-shirts, sweatshirts, chaussettes, débardeur, accessoires et bien plus encore. Tous imprimés sur coton 100% avec des dessins hyperréalistes.",beach-paradise-coussin
1678,Italian Dashboard Coussin,"<div style=""text-align: center;"">
<p style=""text-align: left;"">Nos vêtements ne rétrécissent pas et les coleurs disparaissent jamais. Nous utilisons des colorants naturels complètement exempt de substances nocives (Oeko-Tex Standard 100 - certification). Chaque vêtement est fait en vertu d'un processus manuel teinté avec des colorants à base d'eau et amicales avec l'environnement . Notre système d'impression est un processus unique qui permet d'imprimer directement sur les fibres des produits afin d'assurer réalisme et durabilité dans les couleurs . Merci à cela, nos vêtements peut être repassé sans perdre les propriétés.</p>
<div style=""text-align: left;""> </div>
<div style=""text-align: left;""> </div>
<br />
<div style=""text-align: left;""><strong>Caractéristiques:</strong></div>
<div style=""text-align: left;""> </div>
<br />
<div>
<ul>
<li style=""text-align: left;"">100% coton premium</li>
<li style=""text-align: left;"">Pré - lavé, toujours garde les propriétés</li>
<li style=""text-align: left;"">Couleurs et Dessins, réalistes</li>
<li style=""text-align: left;"">Colorants à base d'eau</li>
<li style=""text-align: left;"">Libre de substances nocives (Certificación Oeko-Tex Standard 100)</li>
<li style=""text-align: left;"">Respectueux avec la durabilité environnementale</li>
</ul>
</div>
</div>
<p> </p>
<div style=""text-align: center;""> </div>",,Italian Dashboard Coussin,"Vêtements full-printing imprimés en 3D. T-shirts, sweatshirts, chaussettes, débardeur, accessoires et bien plus encore. Tous imprimés sur coton 100% avec des dessins hyperréalistes.",italian-dashboard-coussin
1679,Pasta Toons Coussin,"<div style=""text-align: center;"">
<p style=""text-align: left;"">Nos vêtements ne rétrécissent pas et les coleurs disparaissent jamais. Nous utilisons des colorants naturels complètement exempt de substances nocives (Oeko-Tex Standard 100 - certification). Chaque vêtement est fait en vertu d'un processus manuel teinté avec des colorants à base d'eau et amicales avec l'environnement . Notre système d'impression est un processus unique qui permet d'imprimer directement sur les fibres des produits afin d'assurer réalisme et durabilité dans les couleurs . Merci à cela, nos vêtements peut être repassé sans perdre les propriétés.</p>
<div style=""text-align: left;""> </div>
<div style=""text-align: left;""> </div>
<br />
<div style=""text-align: left;""><strong>Caractéristiques:</strong></div>
<div style=""text-align: left;""> </div>
<br />
<div>
<ul>
<li style=""text-align: left;"">100% coton premium</li>
<li style=""text-align: left;"">Pré - lavé, toujours garde les propriétés</li>
<li style=""text-align: left;"">Couleurs et Dessins, réalistes</li>
<li style=""text-align: left;"">Colorants à base d'eau</li>
<li style=""text-align: left;"">Libre de substances nocives (Certificación Oeko-Tex Standard 100)</li>
<li style=""text-align: left;"">Respectueux avec la durabilité environnementale</li>
</ul>
</div>
</div>
<p> </p>
<div style=""text-align: center;""> </div>",,Pasta Toons Coussin,"Vêtements full-printing imprimés en 3D. T-shirts, sweatshirts, chaussettes, débardeur, accessoires et bien plus encore. Tous imprimés sur coton 100% avec des dessins hyperréalistes.",pasta-toons-coussin
1680,Florida Mood Coussin,"<div style=""text-align: center;"">
<p style=""text-align: left;"">Nos vêtements ne rétrécissent pas et les coleurs disparaissent jamais. Nous utilisons des colorants naturels complètement exempt de substances nocives (Oeko-Tex Standard 100 - certification). Chaque vêtement est fait en vertu d'un processus manuel teinté avec des colorants à base d'eau et amicales avec l'environnement . Notre système d'impression est un processus unique qui permet d'imprimer directement sur les fibres des produits afin d'assurer réalisme et durabilité dans les couleurs . Merci à cela, nos vêtements peut être repassé sans perdre les propriétés.</p>
<div style=""text-align: left;""> </div>
<div style=""text-align: left;""> </div>
<br />
<div style=""text-align: left;""><strong>Caractéristiques:</strong></div>
<div style=""text-align: left;""> </div>
<br />
<div>
<ul>
<li style=""text-align: left;"">100% coton premium</li>
<li style=""text-align: left;"">Pré - lavé, toujours garde les propriétés</li>
<li style=""text-align: left;"">Couleurs et Dessins, réalistes</li>
<li style=""text-align: left;"">Colorants à base d'eau</li>
<li style=""text-align: left;"">Libre de substances nocives (Certificación Oeko-Tex Standard 100)</li>
<li style=""text-align: left;"">Respectueux avec la durabilité environnementale</li>
</ul>
</div>
</div>
<p> </p>
<div style=""text-align: center;""> </div>",,Florida Mood Coussin,"Vêtements full-printing imprimés en 3D. T-shirts, sweatshirts, chaussettes, débardeur, accessoires et bien plus encore. Tous imprimés sur coton 100% avec des dessins hyperréalistes.",florida-mood-coussin
1681,Silly Pony Coussin,"<div style=""text-align: center;"">
<p style=""text-align: left;"">Nos vêtements ne rétrécissent pas et les coleurs disparaissent jamais. Nous utilisons des colorants naturels complètement exempt de substances nocives (Oeko-Tex Standard 100 - certification). Chaque vêtement est fait en vertu d'un processus manuel teinté avec des colorants à base d'eau et amicales avec l'environnement . Notre système d'impression est un processus unique qui permet d'imprimer directement sur les fibres des produits afin d'assurer réalisme et durabilité dans les couleurs . Merci à cela, nos vêtements peut être repassé sans perdre les propriétés.</p>
<div style=""text-align: left;""> </div>
<div style=""text-align: left;""> </div>
<br />
<div style=""text-align: left;""><strong>Caractéristiques:</strong></div>
<div style=""text-align: left;""> </div>
<br />
<div>
<ul>
<li style=""text-align: left;"">100% coton premium</li>
<li style=""text-align: left;"">Pré - lavé, toujours garde les propriétés</li>
<li style=""text-align: left;"">Couleurs et Dessins, réalistes</li>
<li style=""text-align: left;"">Colorants à base d'eau</li>
<li style=""text-align: left;"">Libre de substances nocives (Certificación Oeko-Tex Standard 100)</li>
<li style=""text-align: left;"">Respectueux avec la durabilité environnementale</li>
</ul>
</div>
</div>
<p> </p>
<div style=""text-align: center;""> </div>",,Silly Pony Coussin,"Vêtements full-printing imprimés en 3D. T-shirts, sweatshirts, chaussettes, débardeur, accessoires et bien plus encore. Tous imprimés sur coton 100% avec des dessins hyperréalistes.",silly-pony-coussin
1682,Fall Tree Coussin,"<div style=""text-align: center;"">
<p style=""text-align: left;"">Nos vêtements ne rétrécissent pas et les coleurs disparaissent jamais. Nous utilisons des colorants naturels complètement exempt de substances nocives (Oeko-Tex Standard 100 - certification). Chaque vêtement est fait en vertu d'un processus manuel teinté avec des colorants à base d'eau et amicales avec l'environnement . Notre système d'impression est un processus unique qui permet d'imprimer directement sur les fibres des produits afin d'assurer réalisme et durabilité dans les couleurs . Merci à cela, nos vêtements peut être repassé sans perdre les propriétés.</p>
<div style=""text-align: left;""> </div>
<div style=""text-align: left;""> </div>
<br />
<div style=""text-align: left;""><strong>Caractéristiques:</strong></div>
<div style=""text-align: left;""> </div>
<br />
<div>
<ul>
<li style=""text-align: left;"">100% coton premium</li>
<li style=""text-align: left;"">Pré - lavé, toujours garde les propriétés</li>
<li style=""text-align: left;"">Couleurs et Dessins, réalistes</li>
<li style=""text-align: left;"">Colorants à base d'eau</li>
<li style=""text-align: left;"">Libre de substances nocives (Certificación Oeko-Tex Standard 100)</li>
<li style=""text-align: left;"">Respectueux avec la durabilité environnementale</li>
</ul>
</div>
</div>
<p> </p>
<div style=""text-align: center;""> </div>",,Fall Tree Coussin,"Vêtements full-printing imprimés en 3D. T-shirts, sweatshirts, chaussettes, débardeur, accessoires et bien plus encore. Tous imprimés sur coton 100% avec des dessins hyperréalistes.",fall-tree-coussin
1683,Dinosaurs Coussin,"<div style=""text-align: center;"">
<p style=""text-align: left;"">Nos vêtements ne rétrécissent pas et les coleurs disparaissent jamais. Nous utilisons des colorants naturels complètement exempt de substances nocives (Oeko-Tex Standard 100 - certification). Chaque vêtement est fait en vertu d'un processus manuel teinté avec des colorants à base d'eau et amicales avec l'environnement . Notre système d'impression est un processus unique qui permet d'imprimer directement sur les fibres des produits afin d'assurer réalisme et durabilité dans les couleurs . Merci à cela, nos vêtements peut être repassé sans perdre les propriétés.</p>
<div style=""text-align: left;""> </div>
<div style=""text-align: left;""> </div>
<br />
<div style=""text-align: left;""><strong>Caractéristiques:</strong></div>
<div style=""text-align: left;""> </div>
<br />
<div>
<ul>
<li style=""text-align: left;"">100% coton premium</li>
<li style=""text-align: left;"">Pré - lavé, toujours garde les propriétés</li>
<li style=""text-align: left;"">Couleurs et Dessins, réalistes</li>
<li style=""text-align: left;"">Colorants à base d'eau</li>
<li style=""text-align: left;"">Libre de substances nocives (Certificación Oeko-Tex Standard 100)</li>
<li style=""text-align: left;"">Respectueux avec la durabilité environnementale</li>
</ul>
</div>
</div>
<p> </p>
<div style=""text-align: center;""> </div>",,Dinosaurs Coussin,"Vêtements full-printing imprimés en 3D. T-shirts, sweatshirts, chaussettes, débardeur, accessoires et bien plus encore. Tous imprimés sur coton 100% avec des dessins hyperréalistes.",dinosaurs-coussin
1684,Fire Ball Coussin,"<div style=""text-align: center;"">
<p style=""text-align: left;"">Nos vêtements ne rétrécissent pas et les coleurs disparaissent jamais. Nous utilisons des colorants naturels complètement exempt de substances nocives (Oeko-Tex Standard 100 - certification). Chaque vêtement est fait en vertu d'un processus manuel teinté avec des colorants à base d'eau et amicales avec l'environnement . Notre système d'impression est un processus unique qui permet d'imprimer directement sur les fibres des produits afin d'assurer réalisme et durabilité dans les couleurs . Merci à cela, nos vêtements peut être repassé sans perdre les propriétés.</p>
<div style=""text-align: left;""> </div>
<div style=""text-align: left;""> </div>
<br />
<div style=""text-align: left;""><strong>Caractéristiques:</strong></div>
<div style=""text-align: left;""> </div>
<br />
<div>
<ul>
<li style=""text-align: left;"">100% coton premium</li>
<li style=""text-align: left;"">Pré - lavé, toujours garde les propriétés</li>
<li style=""text-align: left;"">Couleurs et Dessins, réalistes</li>
<li style=""text-align: left;"">Colorants à base d'eau</li>
<li style=""text-align: left;"">Libre de substances nocives (Certificación Oeko-Tex Standard 100)</li>
<li style=""text-align: left;"">Respectueux avec la durabilité environnementale</li>
</ul>
</div>
</div>
<p> </p>
<div style=""text-align: center;""> </div>",,Fire Ball Coussin,"Vêtements full-printing imprimés en 3D. T-shirts, sweatshirts, chaussettes, débardeur, accessoires et bien plus encore. Tous imprimés sur coton 100% avec des dessins hyperréalistes.",fire-ball-coussin
1685,Vintage Fishes Coussin,"<div style=""text-align: center;"">
<p style=""text-align: left;"">Nos vêtements ne rétrécissent pas et les coleurs disparaissent jamais. Nous utilisons des colorants naturels complètement exempt de substances nocives (Oeko-Tex Standard 100 - certification). Chaque vêtement est fait en vertu d'un processus manuel teinté avec des colorants à base d'eau et amicales avec l'environnement . Notre système d'impression est un processus unique qui permet d'imprimer directement sur les fibres des produits afin d'assurer réalisme et durabilité dans les couleurs . Merci à cela, nos vêtements peut être repassé sans perdre les propriétés.</p>
<div style=""text-align: left;""> </div>
<div style=""text-align: left;""> </div>
<br />
<div style=""text-align: left;""><strong>Caractéristiques:</strong></div>
<div style=""text-align: left;""> </div>
<br />
<div>
<ul>
<li style=""text-align: left;"">100% coton premium</li>
<li style=""text-align: left;"">Pré - lavé, toujours garde les propriétés</li>
<li style=""text-align: left;"">Couleurs et Dessins, réalistes</li>
<li style=""text-align: left;"">Colorants à base d'eau</li>
<li style=""text-align: left;"">Libre de substances nocives (Certificación Oeko-Tex Standard 100)</li>
<li style=""text-align: left;"">Respectueux avec la durabilité environnementale</li>
</ul>
</div>
</div>
<p> </p>
<div style=""text-align: center;""> </div>",,Vintage Fishes Coussin,"Vêtements full-printing imprimés en 3D. T-shirts, sweatshirts, chaussettes, débardeur, accessoires et bien plus encore. Tous imprimés sur coton 100% avec des dessins hyperréalistes.",vintage-fishes-coussin
1686,Hunter Cat Coussin,"<div style=""text-align: center;"">
<p style=""text-align: left;"">Nos vêtements ne rétrécissent pas et les coleurs disparaissent jamais. Nous utilisons des colorants naturels complètement exempt de substances nocives (Oeko-Tex Standard 100 - certification). Chaque vêtement est fait en vertu d'un processus manuel teinté avec des colorants à base d'eau et amicales avec l'environnement . Notre système d'impression est un processus unique qui permet d'imprimer directement sur les fibres des produits afin d'assurer réalisme et durabilité dans les couleurs . Merci à cela, nos vêtements peut être repassé sans perdre les propriétés.</p>
<div style=""text-align: left;""> </div>
<div style=""text-align: left;""> </div>
<br />
<div style=""text-align: left;""><strong>Caractéristiques:</strong></div>
<div style=""text-align: left;""> </div>
<br />
<div>
<ul>
<li style=""text-align: left;"">100% coton premium</li>
<li style=""text-align: left;"">Pré - lavé, toujours garde les propriétés</li>
<li style=""text-align: left;"">Couleurs et Dessins, réalistes</li>
<li style=""text-align: left;"">Colorants à base d'eau</li>
<li style=""text-align: left;"">Libre de substances nocives (Certificación Oeko-Tex Standard 100)</li>
<li style=""text-align: left;"">Respectueux avec la durabilité environnementale</li>
</ul>
</div>
</div>
<p> </p>
<div style=""text-align: center;""> </div>",,Hunter Cat Coussin,"Vêtements full-printing imprimés en 3D. T-shirts, sweatshirts, chaussettes, débardeur, accessoires et bien plus encore. Tous imprimés sur coton 100% avec des dessins hyperréalistes.",hunter-cat-coussin
1687,Colorado Fishes Coussin,"<div style=""text-align: center;"">
<p style=""text-align: left;"">Nos vêtements ne rétrécissent pas et les coleurs disparaissent jamais. Nous utilisons des colorants naturels complètement exempt de substances nocives (Oeko-Tex Standard 100 - certification). Chaque vêtement est fait en vertu d'un processus manuel teinté avec des colorants à base d'eau et amicales avec l'environnement . Notre système d'impression est un processus unique qui permet d'imprimer directement sur les fibres des produits afin d'assurer réalisme et durabilité dans les couleurs . Merci à cela, nos vêtements peut être repassé sans perdre les propriétés.</p>
<div style=""text-align: left;""> </div>
<div style=""text-align: left;""> </div>
<br />
<div style=""text-align: left;""><strong>Caractéristiques:</strong></div>
<div style=""text-align: left;""> </div>
<br />
<div>
<ul>
<li style=""text-align: left;"">100% coton premium</li>
<li style=""text-align: left;"">Pré - lavé, toujours garde les propriétés</li>
<li style=""text-align: left;"">Couleurs et Dessins, réalistes</li>
<li style=""text-align: left;"">Colorants à base d'eau</li>
<li style=""text-align: left;"">Libre de substances nocives (Certificación Oeko-Tex Standard 100)</li>
<li style=""text-align: left;"">Respectueux avec la durabilité environnementale</li>
</ul>
</div>
</div>
<p> </p>
<div style=""text-align: center;""> </div>",,Colorado Fishes Coussin,"Vêtements full-printing imprimés en 3D. T-shirts, sweatshirts, chaussettes, débardeur, accessoires et bien plus encore. Tous imprimés sur coton 100% avec des dessins hyperréalistes.",colorado-fishes-coussin
1688,Sweet Donuts Coussin,"<div style=""text-align: center;"">
<p style=""text-align: left;"">Nos vêtements ne rétrécissent pas et les coleurs disparaissent jamais. Nous utilisons des colorants naturels complètement exempt de substances nocives (Oeko-Tex Standard 100 - certification). Chaque vêtement est fait en vertu d'un processus manuel teinté avec des colorants à base d'eau et amicales avec l'environnement . Notre système d'impression est un processus unique qui permet d'imprimer directement sur les fibres des produits afin d'assurer réalisme et durabilité dans les couleurs . Merci à cela, nos vêtements peut être repassé sans perdre les propriétés.</p>
<div style=""text-align: left;""> </div>
<div style=""text-align: left;""> </div>
<br />
<div style=""text-align: left;""><strong>Caractéristiques:</strong></div>
<div style=""text-align: left;""> </div>
<br />
<div>
<ul>
<li style=""text-align: left;"">100% coton premium</li>
<li style=""text-align: left;"">Pré - lavé, toujours garde les propriétés</li>
<li style=""text-align: left;"">Couleurs et Dessins, réalistes</li>
<li style=""text-align: left;"">Colorants à base d'eau</li>
<li style=""text-align: left;"">Libre de substances nocives (Certificación Oeko-Tex Standard 100)</li>
<li style=""text-align: left;"">Respectueux avec la durabilité environnementale</li>
</ul>
</div>
</div>
<p> </p>
<div style=""text-align: center;""> </div>",,Sweet Donuts Coussin,"Vêtements full-printing imprimés en 3D. T-shirts, sweatshirts, chaussettes, débardeur, accessoires et bien plus encore. Tous imprimés sur coton 100% avec des dessins hyperréalistes.",sweet-donuts-coussin
1689,Surf Paradise Coussin,"<div style=""text-align: center;"">
<p style=""text-align: left;"">Nos vêtements ne rétrécissent pas et les coleurs disparaissent jamais. Nous utilisons des colorants naturels complètement exempt de substances nocives (Oeko-Tex Standard 100 - certification). Chaque vêtement est fait en vertu d'un processus manuel teinté avec des colorants à base d'eau et amicales avec l'environnement . Notre système d'impression est un processus unique qui permet d'imprimer directement sur les fibres des produits afin d'assurer réalisme et durabilité dans les couleurs . Merci à cela, nos vêtements peut être repassé sans perdre les propriétés.</p>
<div style=""text-align: left;""> </div>
<div style=""text-align: left;""> </div>
<br />
<div style=""text-align: left;""><strong>Caractéristiques:</strong></div>
<div style=""text-align: left;""> </div>
<br />
<div>
<ul>
<li style=""text-align: left;"">100% coton premium</li>
<li style=""text-align: left;"">Pré - lavé, toujours garde les propriétés</li>
<li style=""text-align: left;"">Couleurs et Dessins, réalistes</li>
<li style=""text-align: left;"">Colorants à base d'eau</li>
<li style=""text-align: left;"">Libre de substances nocives (Certificación Oeko-Tex Standard 100)</li>
<li style=""text-align: left;"">Respectueux avec la durabilité environnementale</li>
</ul>
</div>
</div>
<p> </p>
<div style=""text-align: center;""> </div>",,Surf Paradise Coussin,"Vêtements full-printing imprimés en 3D. T-shirts, sweatshirts, chaussettes, débardeur, accessoires et bien plus encore. Tous imprimés sur coton 100% avec des dessins hyperréalistes.",surf-paradise-coussin
1690,Abstract Eye Coussin,"<div style=""text-align: center;"">
<p style=""text-align: left;"">Nos vêtements ne rétrécissent pas et les coleurs disparaissent jamais. Nous utilisons des colorants naturels complètement exempt de substances nocives (Oeko-Tex Standard 100 - certification). Chaque vêtement est fait en vertu d'un processus manuel teinté avec des colorants à base d'eau et amicales avec l'environnement . Notre système d'impression est un processus unique qui permet d'imprimer directement sur les fibres des produits afin d'assurer réalisme et durabilité dans les couleurs . Merci à cela, nos vêtements peut être repassé sans perdre les propriétés.</p>
<div style=""text-align: left;""> </div>
<div style=""text-align: left;""> </div>
<br />
<div style=""text-align: left;""><strong>Caractéristiques:</strong></div>
<div style=""text-align: left;""> </div>
<br />
<div>
<ul>
<li style=""text-align: left;"">100% coton premium</li>
<li style=""text-align: left;"">Pré - lavé, toujours garde les propriétés</li>
<li style=""text-align: left;"">Couleurs et Dessins, réalistes</li>
<li style=""text-align: left;"">Colorants à base d'eau</li>
<li style=""text-align: left;"">Libre de substances nocives (Certificación Oeko-Tex Standard 100)</li>
<li style=""text-align: left;"">Respectueux avec la durabilité environnementale</li>
</ul>
</div>
</div>
<p> </p>
<div style=""text-align: center;""> </div>",,Abstract Eye Coussin,"Vêtements full-printing imprimés en 3D. T-shirts, sweatshirts, chaussettes, débardeur, accessoires et bien plus encore. Tous imprimés sur coton 100% avec des dessins hyperréalistes.",abstract-eye-coussin
1691,Fast Food Coussin,"<div style=""text-align: center;"">
<p style=""text-align: left;"">Nos vêtements ne rétrécissent pas et les coleurs disparaissent jamais. Nous utilisons des colorants naturels complètement exempt de substances nocives (Oeko-Tex Standard 100 - certification). Chaque vêtement est fait en vertu d'un processus manuel teinté avec des colorants à base d'eau et amicales avec l'environnement . Notre système d'impression est un processus unique qui permet d'imprimer directement sur les fibres des produits afin d'assurer réalisme et durabilité dans les couleurs . Merci à cela, nos vêtements peut être repassé sans perdre les propriétés.</p>
<div style=""text-align: left;""> </div>
<div style=""text-align: left;""> </div>
<br />
<div style=""text-align: left;""><strong>Caractéristiques:</strong></div>
<div style=""text-align: left;""> </div>
<br />
<div>
<ul>
<li style=""text-align: left;"">100% coton premium</li>
<li style=""text-align: left;"">Pré - lavé, toujours garde les propriétés</li>
<li style=""text-align: left;"">Couleurs et Dessins, réalistes</li>
<li style=""text-align: left;"">Colorants à base d'eau</li>
<li style=""text-align: left;"">Libre de substances nocives (Certificación Oeko-Tex Standard 100)</li>
<li style=""text-align: left;"">Respectueux avec la durabilité environnementale</li>
</ul>
</div>
</div>
<p> </p>
<div style=""text-align: center;""> </div>",,Fast Food Coussin,"Vêtements full-printing imprimés en 3D. T-shirts, sweatshirts, chaussettes, débardeur, accessoires et bien plus encore. Tous imprimés sur coton 100% avec des dessins hyperréalistes.",fast-food-coussin
1692,Soda Dispenser Coussin,"<div style=""text-align: center;"">
<p style=""text-align: left;"">Nos vêtements ne rétrécissent pas et les coleurs disparaissent jamais. Nous utilisons des colorants naturels complètement exempt de substances nocives (Oeko-Tex Standard 100 - certification). Chaque vêtement est fait en vertu d'un processus manuel teinté avec des colorants à base d'eau et amicales avec l'environnement . Notre système d'impression est un processus unique qui permet d'imprimer directement sur les fibres des produits afin d'assurer réalisme et durabilité dans les couleurs . Merci à cela, nos vêtements peut être repassé sans perdre les propriétés.</p>
<div style=""text-align: left;""> </div>
<div style=""text-align: left;""> </div>
<br />
<div style=""text-align: left;""><strong>Caractéristiques:</strong></div>
<div style=""text-align: left;""> </div>
<br />
<div>
<ul>
<li style=""text-align: left;"">100% coton premium</li>
<li style=""text-align: left;"">Pré - lavé, toujours garde les propriétés</li>
<li style=""text-align: left;"">Couleurs et Dessins, réalistes</li>
<li style=""text-align: left;"">Colorants à base d'eau</li>
<li style=""text-align: left;"">Libre de substances nocives (Certificación Oeko-Tex Standard 100)</li>
<li style=""text-align: left;"">Respectueux avec la durabilité environnementale</li>
</ul>
</div>
</div>
<p> </p>
<div style=""text-align: center;""> </div>",,Soda Dispenser Coussin,"Vêtements full-printing imprimés en 3D. T-shirts, sweatshirts, chaussettes, débardeur, accessoires et bien plus encore. Tous imprimés sur coton 100% avec des dessins hyperréalistes.",soda-dispenser-coussin
1693,Golden Reno Coussin,"<div style=""text-align: center;"">
<p style=""text-align: left;"">Nos vêtements ne rétrécissent pas et les coleurs disparaissent jamais. Nous utilisons des colorants naturels complètement exempt de substances nocives (Oeko-Tex Standard 100 - certification). Chaque vêtement est fait en vertu d'un processus manuel teinté avec des colorants à base d'eau et amicales avec l'environnement . Notre système d'impression est un processus unique qui permet d'imprimer directement sur les fibres des produits afin d'assurer réalisme et durabilité dans les couleurs . Merci à cela, nos vêtements peut être repassé sans perdre les propriétés.</p>
<div style=""text-align: left;""> </div>
<div style=""text-align: left;""> </div>
<br />
<div style=""text-align: left;""><strong>Caractéristiques:</strong></div>
<div style=""text-align: left;""> </div>
<br />
<div>
<ul>
<li style=""text-align: left;"">100% coton premium</li>
<li style=""text-align: left;"">Pré - lavé, toujours garde les propriétés</li>
<li style=""text-align: left;"">Couleurs et Dessins, réalistes</li>
<li style=""text-align: left;"">Colorants à base d'eau</li>
<li style=""text-align: left;"">Libre de substances nocives (Certificación Oeko-Tex Standard 100)</li>
<li style=""text-align: left;"">Respectueux avec la durabilité environnementale</li>
</ul>
</div>
</div>
<p> </p>
<div style=""text-align: center;""> </div>",,Golden Reno Coussin,"Vêtements full-printing imprimés en 3D. T-shirts, sweatshirts, chaussettes, débardeur, accessoires et bien plus encore. Tous imprimés sur coton 100% avec des dessins hyperréalistes.",golden-reno-coussin
1694,Moon Walk Coussin,"<div style=""text-align: center;"">
<p style=""text-align: left;"">Nos vêtements ne rétrécissent pas et les coleurs disparaissent jamais. Nous utilisons des colorants naturels complètement exempt de substances nocives (Oeko-Tex Standard 100 - certification). Chaque vêtement est fait en vertu d'un processus manuel teinté avec des colorants à base d'eau et amicales avec l'environnement . Notre système d'impression est un processus unique qui permet d'imprimer directement sur les fibres des produits afin d'assurer réalisme et durabilité dans les couleurs . Merci à cela, nos vêtements peut être repassé sans perdre les propriétés.</p>
<div style=""text-align: left;""> </div>
<div style=""text-align: left;""> </div>
<br />
<div style=""text-align: left;""><strong>Caractéristiques:</strong></div>
<div style=""text-align: left;""> </div>
<br />
<div>
<ul>
<li style=""text-align: left;"">100% coton premium</li>
<li style=""text-align: left;"">Pré - lavé, toujours garde les propriétés</li>
<li style=""text-align: left;"">Couleurs et Dessins, réalistes</li>
<li style=""text-align: left;"">Colorants à base d'eau</li>
<li style=""text-align: left;"">Libre de substances nocives (Certificación Oeko-Tex Standard 100)</li>
<li style=""text-align: left;"">Respectueux avec la durabilité environnementale</li>
</ul>
</div>
</div>
<p> </p>
<div style=""text-align: center;""> </div>",,Moon Walk Coussin,"Vêtements full-printing imprimés en 3D. T-shirts, sweatshirts, chaussettes, débardeur, accessoires et bien plus encore. Tous imprimés sur coton 100% avec des dessins hyperréalistes.",moon-walk-coussin
1695,Spaghetti Coussin,"<div style=""text-align: center;"">
<p style=""text-align: left;"">Nos vêtements ne rétrécissent pas et les coleurs disparaissent jamais. Nous utilisons des colorants naturels complètement exempt de substances nocives (Oeko-Tex Standard 100 - certification). Chaque vêtement est fait en vertu d'un processus manuel teinté avec des colorants à base d'eau et amicales avec l'environnement . Notre système d'impression est un processus unique qui permet d'imprimer directement sur les fibres des produits afin d'assurer réalisme et durabilité dans les couleurs . Merci à cela, nos vêtements peut être repassé sans perdre les propriétés.</p>
<div style=""text-align: left;""> </div>
<div style=""text-align: left;""> </div>
<br />
<div style=""text-align: left;""><strong>Caractéristiques:</strong></div>
<div style=""text-align: left;""> </div>
<br />
<div>
<ul>
<li style=""text-align: left;"">100% coton premium</li>
<li style=""text-align: left;"">Pré - lavé, toujours garde les propriétés</li>
<li style=""text-align: left;"">Couleurs et Dessins, réalistes</li>
<li style=""text-align: left;"">Colorants à base d'eau</li>
<li style=""text-align: left;"">Libre de substances nocives (Certificación Oeko-Tex Standard 100)</li>
<li style=""text-align: left;"">Respectueux avec la durabilité environnementale</li>
</ul>
</div>
</div>
<p> </p>
<div style=""text-align: center;""> </div>",,Spaghetti Coussin,"Vêtements full-printing imprimés en 3D. T-shirts, sweatshirts, chaussettes, débardeur, accessoires et bien plus encore. Tous imprimés sur coton 100% avec des dessins hyperréalistes.",spaghetti-coussin
1696,Sweet Macarons Coussin,"<div style=""text-align: center;"">
<p style=""text-align: left;"">Nos vêtements ne rétrécissent pas et les coleurs disparaissent jamais. Nous utilisons des colorants naturels complètement exempt de substances nocives (Oeko-Tex Standard 100 - certification). Chaque vêtement est fait en vertu d'un processus manuel teinté avec des colorants à base d'eau et amicales avec l'environnement . Notre système d'impression est un processus unique qui permet d'imprimer directement sur les fibres des produits afin d'assurer réalisme et durabilité dans les couleurs . Merci à cela, nos vêtements peut être repassé sans perdre les propriétés.</p>
<div style=""text-align: left;""> </div>
<div style=""text-align: left;""> </div>
<br />
<div style=""text-align: left;""><strong>Caractéristiques:</strong></div>
<div style=""text-align: left;""> </div>
<br />
<div>
<ul>
<li style=""text-align: left;"">100% coton premium</li>
<li style=""text-align: left;"">Pré - lavé, toujours garde les propriétés</li>
<li style=""text-align: left;"">Couleurs et Dessins, réalistes</li>
<li style=""text-align: left;"">Colorants à base d'eau</li>
<li style=""text-align: left;"">Libre de substances nocives (Certificación Oeko-Tex Standard 100)</li>
<li style=""text-align: left;"">Respectueux avec la durabilité environnementale</li>
</ul>
</div>
</div>
<p> </p>
<div style=""text-align: center;""> </div>",,Sweet Macarons Coussin,"Vêtements full-printing imprimés en 3D. T-shirts, sweatshirts, chaussettes, débardeur, accessoires et bien plus encore. Tous imprimés sur coton 100% avec des dessins hyperréalistes.",sweet-macarons-coussin
1697,Flyign Dog Coussin,"<div style=""text-align: center;"">
<p style=""text-align: left;"">Nos vêtements ne rétrécissent pas et les coleurs disparaissent jamais. Nous utilisons des colorants naturels complètement exempt de substances nocives (Oeko-Tex Standard 100 - certification). Chaque vêtement est fait en vertu d'un processus manuel teinté avec des colorants à base d'eau et amicales avec l'environnement . Notre système d'impression est un processus unique qui permet d'imprimer directement sur les fibres des produits afin d'assurer réalisme et durabilité dans les couleurs . Merci à cela, nos vêtements peut être repassé sans perdre les propriétés.</p>
<div style=""text-align: left;""> </div>
<div style=""text-align: left;""> </div>
<br />
<div style=""text-align: left;""><strong>Caractéristiques:</strong></div>
<div style=""text-align: left;""> </div>
<br />
<div>
<ul>
<li style=""text-align: left;"">100% coton premium</li>
<li style=""text-align: left;"">Pré - lavé, toujours garde les propriétés</li>
<li style=""text-align: left;"">Couleurs et Dessins, réalistes</li>
<li style=""text-align: left;"">Colorants à base d'eau</li>
<li style=""text-align: left;"">Libre de substances nocives (Certificación Oeko-Tex Standard 100)</li>
<li style=""text-align: left;"">Respectueux avec la durabilité environnementale</li>
</ul>
</div>
</div>
<p> </p>
<div style=""text-align: center;""> </div>",,Flyign Dog Coussin,"Vêtements full-printing imprimés en 3D. T-shirts, sweatshirts, chaussettes, débardeur, accessoires et bien plus encore. Tous imprimés sur coton 100% avec des dessins hyperréalistes.",flyign-dog-coussin
1698,Disco Pug Coussin,"<div style=""text-align: center;"">
<p style=""text-align: left;"">Nos vêtements ne rétrécissent pas et les coleurs disparaissent jamais. Nous utilisons des colorants naturels complètement exempt de substances nocives (Oeko-Tex Standard 100 - certification). Chaque vêtement est fait en vertu d'un processus manuel teinté avec des colorants à base d'eau et amicales avec l'environnement . Notre système d'impression est un processus unique qui permet d'imprimer directement sur les fibres des produits afin d'assurer réalisme et durabilité dans les couleurs . Merci à cela, nos vêtements peut être repassé sans perdre les propriétés.</p>
<div style=""text-align: left;""> </div>
<div style=""text-align: left;""> </div>
<br />
<div style=""text-align: left;""><strong>Caractéristiques:</strong></div>
<div style=""text-align: left;""> </div>
<br />
<div>
<ul>
<li style=""text-align: left;"">100% coton premium</li>
<li style=""text-align: left;"">Pré - lavé, toujours garde les propriétés</li>
<li style=""text-align: left;"">Couleurs et Dessins, réalistes</li>
<li style=""text-align: left;"">Colorants à base d'eau</li>
<li style=""text-align: left;"">Libre de substances nocives (Certificación Oeko-Tex Standard 100)</li>
<li style=""text-align: left;"">Respectueux avec la durabilité environnementale</li>
</ul>
</div>
</div>
<p> </p>
<div style=""text-align: center;""> </div>",,Disco Pug Coussin,"Vêtements full-printing imprimés en 3D. T-shirts, sweatshirts, chaussettes, débardeur, accessoires et bien plus encore. Tous imprimés sur coton 100% avec des dessins hyperréalistes.",disco-pug-coussin
1699,Penguins Coussin,"<div style=""text-align: center;"">
<p style=""text-align: left;"">Nos vêtements ne rétrécissent pas et les coleurs disparaissent jamais. Nous utilisons des colorants naturels complètement exempt de substances nocives (Oeko-Tex Standard 100 - certification). Chaque vêtement est fait en vertu d'un processus manuel teinté avec des colorants à base d'eau et amicales avec l'environnement . Notre système d'impression est un processus unique qui permet d'imprimer directement sur les fibres des produits afin d'assurer réalisme et durabilité dans les couleurs . Merci à cela, nos vêtements peut être repassé sans perdre les propriétés.</p>
<div style=""text-align: left;""> </div>
<div style=""text-align: left;""> </div>
<br />
<div style=""text-align: left;""><strong>Caractéristiques:</strong></div>
<div style=""text-align: left;""> </div>
<br />
<div>
<ul>
<li style=""text-align: left;"">100% coton premium</li>
<li style=""text-align: left;"">Pré - lavé, toujours garde les propriétés</li>
<li style=""text-align: left;"">Couleurs et Dessins, réalistes</li>
<li style=""text-align: left;"">Colorants à base d'eau</li>
<li style=""text-align: left;"">Libre de substances nocives (Certificación Oeko-Tex Standard 100)</li>
<li style=""text-align: left;"">Respectueux avec la durabilité environnementale</li>
</ul>
</div>
</div>
<p> </p>
<div style=""text-align: center;""> </div>",,Penguins Coussin,"Vêtements full-printing imprimés en 3D. T-shirts, sweatshirts, chaussettes, débardeur, accessoires et bien plus encore. Tous imprimés sur coton 100% avec des dessins hyperréalistes.",penguins-coussin
1700,Wood Boxes Coussin,"<div style=""text-align: center;"">
<p style=""text-align: left;"">Nos vêtements ne rétrécissent pas et les coleurs disparaissent jamais. Nous utilisons des colorants naturels complètement exempt de substances nocives (Oeko-Tex Standard 100 - certification). Chaque vêtement est fait en vertu d'un processus manuel teinté avec des colorants à base d'eau et amicales avec l'environnement . Notre système d'impression est un processus unique qui permet d'imprimer directement sur les fibres des produits afin d'assurer réalisme et durabilité dans les couleurs . Merci à cela, nos vêtements peut être repassé sans perdre les propriétés.</p>
<div style=""text-align: left;""> </div>
<div style=""text-align: left;""> </div>
<br />
<div style=""text-align: left;""><strong>Caractéristiques:</strong></div>
<div style=""text-align: left;""> </div>
<br />
<div>
<ul>
<li style=""text-align: left;"">100% coton premium</li>
<li style=""text-align: left;"">Pré - lavé, toujours garde les propriétés</li>
<li style=""text-align: left;"">Couleurs et Dessins, réalistes</li>
<li style=""text-align: left;"">Colorants à base d'eau</li>
<li style=""text-align: left;"">Libre de substances nocives (Certificación Oeko-Tex Standard 100)</li>
<li style=""text-align: left;"">Respectueux avec la durabilité environnementale</li>
</ul>
</div>
</div>
<p> </p>
<div style=""text-align: center;""> </div>",,Wood Boxes Coussin,"Vêtements full-printing imprimés en 3D. T-shirts, sweatshirts, chaussettes, débardeur, accessoires et bien plus encore. Tous imprimés sur coton 100% avec des dessins hyperréalistes.",wood-boxes-coussin
1701,Barcelona Coussin,"<div style=""text-align: center;"">
<p style=""text-align: left;"">Nos vêtements ne rétrécissent pas et les coleurs disparaissent jamais. Nous utilisons des colorants naturels complètement exempt de substances nocives (Oeko-Tex Standard 100 - certification). Chaque vêtement est fait en vertu d'un processus manuel teinté avec des colorants à base d'eau et amicales avec l'environnement . Notre système d'impression est un processus unique qui permet d'imprimer directement sur les fibres des produits afin d'assurer réalisme et durabilité dans les couleurs . Merci à cela, nos vêtements peut être repassé sans perdre les propriétés.</p>
<div style=""text-align: left;""> </div>
<div style=""text-align: left;""> </div>
<br />
<div style=""text-align: left;""><strong>Caractéristiques:</strong></div>
<div style=""text-align: left;""> </div>
<br />
<div>
<ul>
<li style=""text-align: left;"">100% coton premium</li>
<li style=""text-align: left;"">Pré - lavé, toujours garde les propriétés</li>
<li style=""text-align: left;"">Couleurs et Dessins, réalistes</li>
<li style=""text-align: left;"">Colorants à base d'eau</li>
<li style=""text-align: left;"">Libre de substances nocives (Certificación Oeko-Tex Standard 100)</li>
<li style=""text-align: left;"">Respectueux avec la durabilité environnementale</li>
</ul>
</div>
</div>
<p> </p>
<div style=""text-align: center;""> </div>",,Barcelona Coussin,"Vêtements full-printing imprimés en 3D. T-shirts, sweatshirts, chaussettes, débardeur, accessoires et bien plus encore. Tous imprimés sur coton 100% avec des dessins hyperréalistes.",barcelona-coussin
1702,Monkey Grin Coussin,"<div style=""text-align: center;"">
<p style=""text-align: left;"">Nos vêtements ne rétrécissent pas et les coleurs disparaissent jamais. Nous utilisons des colorants naturels complètement exempt de substances nocives (Oeko-Tex Standard 100 - certification). Chaque vêtement est fait en vertu d'un processus manuel teinté avec des colorants à base d'eau et amicales avec l'environnement . Notre système d'impression est un processus unique qui permet d'imprimer directement sur les fibres des produits afin d'assurer réalisme et durabilité dans les couleurs . Merci à cela, nos vêtements peut être repassé sans perdre les propriétés.</p>
<div style=""text-align: left;""> </div>
<div style=""text-align: left;""> </div>
<br />
<div style=""text-align: left;""><strong>Caractéristiques:</strong></div>
<div style=""text-align: left;""> </div>
<br />
<div>
<ul>
<li style=""text-align: left;"">100% coton premium</li>
<li style=""text-align: left;"">Pré - lavé, toujours garde les propriétés</li>
<li style=""text-align: left;"">Couleurs et Dessins, réalistes</li>
<li style=""text-align: left;"">Colorants à base d'eau</li>
<li style=""text-align: left;"">Libre de substances nocives (Certificación Oeko-Tex Standard 100)</li>
<li style=""text-align: left;"">Respectueux avec la durabilité environnementale</li>
</ul>
</div>
</div>
<p> </p>
<div style=""text-align: center;""> </div>",,Monkey Grin Coussin,"Vêtements full-printing imprimés en 3D. T-shirts, sweatshirts, chaussettes, débardeur, accessoires et bien plus encore. Tous imprimés sur coton 100% avec des dessins hyperréalistes.",monkey-grin-coussin
1703,Blue Sky Coussin,"<div style=""text-align: center;"">
<p style=""text-align: left;"">Nos vêtements ne rétrécissent pas et les coleurs disparaissent jamais. Nous utilisons des colorants naturels complètement exempt de substances nocives (Oeko-Tex Standard 100 - certification). Chaque vêtement est fait en vertu d'un processus manuel teinté avec des colorants à base d'eau et amicales avec l'environnement . Notre système d'impression est un processus unique qui permet d'imprimer directement sur les fibres des produits afin d'assurer réalisme et durabilité dans les couleurs . Merci à cela, nos vêtements peut être repassé sans perdre les propriétés.</p>
<div style=""text-align: left;""> </div>
<div style=""text-align: left;""> </div>
<br />
<div style=""text-align: left;""><strong>Caractéristiques:</strong></div>
<div style=""text-align: left;""> </div>
<br />
<div>
<ul>
<li style=""text-align: left;"">100% coton premium</li>
<li style=""text-align: left;"">Pré - lavé, toujours garde les propriétés</li>
<li style=""text-align: left;"">Couleurs et Dessins, réalistes</li>
<li style=""text-align: left;"">Colorants à base d'eau</li>
<li style=""text-align: left;"">Libre de substances nocives (Certificación Oeko-Tex Standard 100)</li>
<li style=""text-align: left;"">Respectueux avec la durabilité environnementale</li>
</ul>
</div>
</div>
<p> </p>
<div style=""text-align: center;""> </div>",,Blue Sky Coussin,"Vêtements full-printing imprimés en 3D. T-shirts, sweatshirts, chaussettes, débardeur, accessoires et bien plus encore. Tous imprimés sur coton 100% avec des dessins hyperréalistes.",blue-sky-coussin
1704,Coder Coussin,"<div style=""text-align: center;"">
<p style=""text-align: left;"">Nos vêtements ne rétrécissent pas et les coleurs disparaissent jamais. Nous utilisons des colorants naturels complètement exempt de substances nocives (Oeko-Tex Standard 100 - certification). Chaque vêtement est fait en vertu d'un processus manuel teinté avec des colorants à base d'eau et amicales avec l'environnement . Notre système d'impression est un processus unique qui permet d'imprimer directement sur les fibres des produits afin d'assurer réalisme et durabilité dans les couleurs . Merci à cela, nos vêtements peut être repassé sans perdre les propriétés.</p>
<div style=""text-align: left;""> </div>
<div style=""text-align: left;""> </div>
<br />
<div style=""text-align: left;""><strong>Caractéristiques:</strong></div>
<div style=""text-align: left;""> </div>
<br />
<div>
<ul>
<li style=""text-align: left;"">100% coton premium</li>
<li style=""text-align: left;"">Pré - lavé, toujours garde les propriétés</li>
<li style=""text-align: left;"">Couleurs et Dessins, réalistes</li>
<li style=""text-align: left;"">Colorants à base d'eau</li>
<li style=""text-align: left;"">Libre de substances nocives (Certificación Oeko-Tex Standard 100)</li>
<li style=""text-align: left;"">Respectueux avec la durabilité environnementale</li>
</ul>
</div>
</div>
<p> </p>
<div style=""text-align: center;""> </div>",,Coder Coussin,"Vêtements full-printing imprimés en 3D. T-shirts, sweatshirts, chaussettes, débardeur, accessoires et bien plus encore. Tous imprimés sur coton 100% avec des dessins hyperréalistes.",coder-coussin
1705,Cat Toons Coussin,"<div style=""text-align: center;"">
<p style=""text-align: left;"">Nos vêtements ne rétrécissent pas et les coleurs disparaissent jamais. Nous utilisons des colorants naturels complètement exempt de substances nocives (Oeko-Tex Standard 100 - certification). Chaque vêtement est fait en vertu d'un processus manuel teinté avec des colorants à base d'eau et amicales avec l'environnement . Notre système d'impression est un processus unique qui permet d'imprimer directement sur les fibres des produits afin d'assurer réalisme et durabilité dans les couleurs . Merci à cela, nos vêtements peut être repassé sans perdre les propriétés.</p>
<div style=""text-align: left;""> </div>
<div style=""text-align: left;""> </div>
<br />
<div style=""text-align: left;""><strong>Caractéristiques:</strong></div>
<div style=""text-align: left;""> </div>
<br />
<div>
<ul>
<li style=""text-align: left;"">100% coton premium</li>
<li style=""text-align: left;"">Pré - lavé, toujours garde les propriétés</li>
<li style=""text-align: left;"">Couleurs et Dessins, réalistes</li>
<li style=""text-align: left;"">Colorants à base d'eau</li>
<li style=""text-align: left;"">Libre de substances nocives (Certificación Oeko-Tex Standard 100)</li>
<li style=""text-align: left;"">Respectueux avec la durabilité environnementale</li>
</ul>
</div>
</div>
<p> </p>
<div style=""text-align: center;""> </div>",,Cat Toons Coussin,"Vêtements full-printing imprimés en 3D. T-shirts, sweatshirts, chaussettes, débardeur, accessoires et bien plus encore. Tous imprimés sur coton 100% avec des dessins hyperréalistes.",cat-toons-coussin
1706,Kim Jong Un Soldiers Coussin,"<div style=""text-align: center;"">
<p style=""text-align: left;"">Nos vêtements ne rétrécissent pas et les coleurs disparaissent jamais. Nous utilisons des colorants naturels complètement exempt de substances nocives (Oeko-Tex Standard 100 - certification). Chaque vêtement est fait en vertu d'un processus manuel teinté avec des colorants à base d'eau et amicales avec l'environnement . Notre système d'impression est un processus unique qui permet d'imprimer directement sur les fibres des produits afin d'assurer réalisme et durabilité dans les couleurs . Merci à cela, nos vêtements peut être repassé sans perdre les propriétés.</p>
<div style=""text-align: left;""> </div>
<div style=""text-align: left;""> </div>
<br />
<div style=""text-align: left;""><strong>Caractéristiques:</strong></div>
<div style=""text-align: left;""> </div>
<br />
<div>
<ul>
<li style=""text-align: left;"">100% coton premium</li>
<li style=""text-align: left;"">Pré - lavé, toujours garde les propriétés</li>
<li style=""text-align: left;"">Couleurs et Dessins, réalistes</li>
<li style=""text-align: left;"">Colorants à base d'eau</li>
<li style=""text-align: left;"">Libre de substances nocives (Certificación Oeko-Tex Standard 100)</li>
<li style=""text-align: left;"">Respectueux avec la durabilité environnementale</li>
</ul>
</div>
</div>
<p> </p>
<div style=""text-align: center;""> </div>",,Kim Jong Un Soldiers Coussin,"Vêtements full-printing imprimés en 3D. T-shirts, sweatshirts, chaussettes, débardeur, accessoires et bien plus encore. Tous imprimés sur coton 100% avec des dessins hyperréalistes.",kim-jong-un-soldiers-coussin
1707,Horse Sprint Coussin,"<div style=""text-align: center;"">
<p style=""text-align: left;"">Nos vêtements ne rétrécissent pas et les coleurs disparaissent jamais. Nous utilisons des colorants naturels complètement exempt de substances nocives (Oeko-Tex Standard 100 - certification). Chaque vêtement est fait en vertu d'un processus manuel teinté avec des colorants à base d'eau et amicales avec l'environnement . Notre système d'impression est un processus unique qui permet d'imprimer directement sur les fibres des produits afin d'assurer réalisme et durabilité dans les couleurs . Merci à cela, nos vêtements peut être repassé sans perdre les propriétés.</p>
<div style=""text-align: left;""> </div>
<div style=""text-align: left;""> </div>
<br />
<div style=""text-align: left;""><strong>Caractéristiques:</strong></div>
<div style=""text-align: left;""> </div>
<br />
<div>
<ul>
<li style=""text-align: left;"">100% coton premium</li>
<li style=""text-align: left;"">Pré - lavé, toujours garde les propriétés</li>
<li style=""text-align: left;"">Couleurs et Dessins, réalistes</li>
<li style=""text-align: left;"">Colorants à base d'eau</li>
<li style=""text-align: left;"">Libre de substances nocives (Certificación Oeko-Tex Standard 100)</li>
<li style=""text-align: left;"">Respectueux avec la durabilité environnementale</li>
</ul>
</div>
</div>
<p> </p>
<div style=""text-align: center;""> </div>",,Horse Sprint Coussin,"Vêtements full-printing imprimés en 3D. T-shirts, sweatshirts, chaussettes, débardeur, accessoires et bien plus encore. Tous imprimés sur coton 100% avec des dessins hyperréalistes.",horse-sprint-coussin
1708,Fresh Sushi Coussin,"<div style=""text-align: center;"">
<p style=""text-align: left;"">Nos vêtements ne rétrécissent pas et les coleurs disparaissent jamais. Nous utilisons des colorants naturels complètement exempt de substances nocives (Oeko-Tex Standard 100 - certification). Chaque vêtement est fait en vertu d'un processus manuel teinté avec des colorants à base d'eau et amicales avec l'environnement . Notre système d'impression est un processus unique qui permet d'imprimer directement sur les fibres des produits afin d'assurer réalisme et durabilité dans les couleurs . Merci à cela, nos vêtements peut être repassé sans perdre les propriétés.</p>
<div style=""text-align: left;""> </div>
<div style=""text-align: left;""> </div>
<br />
<div style=""text-align: left;""><strong>Caractéristiques:</strong></div>
<div style=""text-align: left;""> </div>
<br />
<div>
<ul>
<li style=""text-align: left;"">100% coton premium</li>
<li style=""text-align: left;"">Pré - lavé, toujours garde les propriétés</li>
<li style=""text-align: left;"">Couleurs et Dessins, réalistes</li>
<li style=""text-align: left;"">Colorants à base d'eau</li>
<li style=""text-align: left;"">Libre de substances nocives (Certificación Oeko-Tex Standard 100)</li>
<li style=""text-align: left;"">Respectueux avec la durabilité environnementale</li>
</ul>
</div>
</div>
<p> </p>
<div style=""text-align: center;""> </div>",,Fresh Sushi Coussin,"Vêtements full-printing imprimés en 3D. T-shirts, sweatshirts, chaussettes, débardeur, accessoires et bien plus encore. Tous imprimés sur coton 100% avec des dessins hyperréalistes.",fresh-sushi-coussin
1709,Shiny Threads Coussin,"<div style=""text-align: center;"">
<p style=""text-align: left;"">Nos vêtements ne rétrécissent pas et les coleurs disparaissent jamais. Nous utilisons des colorants naturels complètement exempt de substances nocives (Oeko-Tex Standard 100 - certification). Chaque vêtement est fait en vertu d'un processus manuel teinté avec des colorants à base d'eau et amicales avec l'environnement . Notre système d'impression est un processus unique qui permet d'imprimer directement sur les fibres des produits afin d'assurer réalisme et durabilité dans les couleurs . Merci à cela, nos vêtements peut être repassé sans perdre les propriétés.</p>
<div style=""text-align: left;""> </div>
<div style=""text-align: left;""> </div>
<br />
<div style=""text-align: left;""><strong>Caractéristiques:</strong></div>
<div style=""text-align: left;""> </div>
<br />
<div>
<ul>
<li style=""text-align: left;"">100% coton premium</li>
<li style=""text-align: left;"">Pré - lavé, toujours garde les propriétés</li>
<li style=""text-align: left;"">Couleurs et Dessins, réalistes</li>
<li style=""text-align: left;"">Colorants à base d'eau</li>
<li style=""text-align: left;"">Libre de substances nocives (Certificación Oeko-Tex Standard 100)</li>
<li style=""text-align: left;"">Respectueux avec la durabilité environnementale</li>
</ul>
</div>
</div>
<p> </p>
<div style=""text-align: center;""> </div>",,Shiny Threads Coussin,"Vêtements full-printing imprimés en 3D. T-shirts, sweatshirts, chaussettes, débardeur, accessoires et bien plus encore. Tous imprimés sur coton 100% avec des dessins hyperréalistes.",shiny-threads-coussin
1710,Big Ben Coussin,"<div style=""text-align: center;"">
<p style=""text-align: left;"">Nos vêtements ne rétrécissent pas et les coleurs disparaissent jamais. Nous utilisons des colorants naturels complètement exempt de substances nocives (Oeko-Tex Standard 100 - certification). Chaque vêtement est fait en vertu d'un processus manuel teinté avec des colorants à base d'eau et amicales avec l'environnement . Notre système d'impression est un processus unique qui permet d'imprimer directement sur les fibres des produits afin d'assurer réalisme et durabilité dans les couleurs . Merci à cela, nos vêtements peut être repassé sans perdre les propriétés.</p>
<div style=""text-align: left;""> </div>
<div style=""text-align: left;""> </div>
<br />
<div style=""text-align: left;""><strong>Caractéristiques:</strong></div>
<div style=""text-align: left;""> </div>
<br />
<div>
<ul>
<li style=""text-align: left;"">100% coton premium</li>
<li style=""text-align: left;"">Pré - lavé, toujours garde les propriétés</li>
<li style=""text-align: left;"">Couleurs et Dessins, réalistes</li>
<li style=""text-align: left;"">Colorants à base d'eau</li>
<li style=""text-align: left;"">Libre de substances nocives (Certificación Oeko-Tex Standard 100)</li>
<li style=""text-align: left;"">Respectueux avec la durabilité environnementale</li>
</ul>
</div>
</div>
<p> </p>
<div style=""text-align: center;""> </div>",,Big Ben Coussin,"Vêtements full-printing imprimés en 3D. T-shirts, sweatshirts, chaussettes, débardeur, accessoires et bien plus encore. Tous imprimés sur coton 100% avec des dessins hyperréalistes.",big-ben-coussin
1711,Green Forest Coussin,"<div style=""text-align: center;"">
<p style=""text-align: left;"">Nos vêtements ne rétrécissent pas et les coleurs disparaissent jamais. Nous utilisons des colorants naturels complètement exempt de substances nocives (Oeko-Tex Standard 100 - certification). Chaque vêtement est fait en vertu d'un processus manuel teinté avec des colorants à base d'eau et amicales avec l'environnement . Notre système d'impression est un processus unique qui permet d'imprimer directement sur les fibres des produits afin d'assurer réalisme et durabilité dans les couleurs . Merci à cela, nos vêtements peut être repassé sans perdre les propriétés.</p>
<div style=""text-align: left;""> </div>
<div style=""text-align: left;""> </div>
<br />
<div style=""text-align: left;""><strong>Caractéristiques:</strong></div>
<div style=""text-align: left;""> </div>
<br />
<div>
<ul>
<li style=""text-align: left;"">100% coton premium</li>
<li style=""text-align: left;"">Pré - lavé, toujours garde les propriétés</li>
<li style=""text-align: left;"">Couleurs et Dessins, réalistes</li>
<li style=""text-align: left;"">Colorants à base d'eau</li>
<li style=""text-align: left;"">Libre de substances nocives (Certificación Oeko-Tex Standard 100)</li>
<li style=""text-align: left;"">Respectueux avec la durabilité environnementale</li>
</ul>
</div>
</div>
<p> </p>
<div style=""text-align: center;""> </div>",,Green Forest Coussin,"Vêtements full-printing imprimés en 3D. T-shirts, sweatshirts, chaussettes, débardeur, accessoires et bien plus encore. Tous imprimés sur coton 100% avec des dessins hyperréalistes.",green-forest-coussin
1712,Meerkat Coussin,"<div style=""text-align: center;"">
<p style=""text-align: left;"">Nos vêtements ne rétrécissent pas et les coleurs disparaissent jamais. Nous utilisons des colorants naturels complètement exempt de substances nocives (Oeko-Tex Standard 100 - certification). Chaque vêtement est fait en vertu d'un processus manuel teinté avec des colorants à base d'eau et amicales avec l'environnement . Notre système d'impression est un processus unique qui permet d'imprimer directement sur les fibres des produits afin d'assurer réalisme et durabilité dans les couleurs . Merci à cela, nos vêtements peut être repassé sans perdre les propriétés.</p>
<div style=""text-align: left;""> </div>
<div style=""text-align: left;""> </div>
<br />
<div style=""text-align: left;""><strong>Caractéristiques:</strong></div>
<div style=""text-align: left;""> </div>
<br />
<div>
<ul>
<li style=""text-align: left;"">100% coton premium</li>
<li style=""text-align: left;"">Pré - lavé, toujours garde les propriétés</li>
<li style=""text-align: left;"">Couleurs et Dessins, réalistes</li>
<li style=""text-align: left;"">Colorants à base d'eau</li>
<li style=""text-align: left;"">Libre de substances nocives (Certificación Oeko-Tex Standard 100)</li>
<li style=""text-align: left;"">Respectueux avec la durabilité environnementale</li>
</ul>
</div>
</div>
<p> </p>
<div style=""text-align: center;""> </div>",,Meerkat Coussin,"Vêtements full-printing imprimés en 3D. T-shirts, sweatshirts, chaussettes, débardeur, accessoires et bien plus encore. Tous imprimés sur coton 100% avec des dessins hyperréalistes.",meerkat-coussin
1713,Monkey Eyes Coussin,"<div style=""text-align: center;"">
<p style=""text-align: left;"">Nos vêtements ne rétrécissent pas et les coleurs disparaissent jamais. Nous utilisons des colorants naturels complètement exempt de substances nocives (Oeko-Tex Standard 100 - certification). Chaque vêtement est fait en vertu d'un processus manuel teinté avec des colorants à base d'eau et amicales avec l'environnement . Notre système d'impression est un processus unique qui permet d'imprimer directement sur les fibres des produits afin d'assurer réalisme et durabilité dans les couleurs . Merci à cela, nos vêtements peut être repassé sans perdre les propriétés.</p>
<div style=""text-align: left;""> </div>
<div style=""text-align: left;""> </div>
<br />
<div style=""text-align: left;""><strong>Caractéristiques:</strong></div>
<div style=""text-align: left;""> </div>
<br />
<div>
<ul>
<li style=""text-align: left;"">100% coton premium</li>
<li style=""text-align: left;"">Pré - lavé, toujours garde les propriétés</li>
<li style=""text-align: left;"">Couleurs et Dessins, réalistes</li>
<li style=""text-align: left;"">Colorants à base d'eau</li>
<li style=""text-align: left;"">Libre de substances nocives (Certificación Oeko-Tex Standard 100)</li>
<li style=""text-align: left;"">Respectueux avec la durabilité environnementale</li>
</ul>
</div>
</div>
<p> </p>
<div style=""text-align: center;""> </div>",,Monkey Eyes Coussin,"Vêtements full-printing imprimés en 3D. T-shirts, sweatshirts, chaussettes, débardeur, accessoires et bien plus encore. Tous imprimés sur coton 100% avec des dessins hyperréalistes.",monkey-eyes-coussin
1714,Wild Tiger Coussin,"<div style=""text-align: center;"">
<p style=""text-align: left;"">Nos vêtements ne rétrécissent pas et les coleurs disparaissent jamais. Nous utilisons des colorants naturels complètement exempt de substances nocives (Oeko-Tex Standard 100 - certification). Chaque vêtement est fait en vertu d'un processus manuel teinté avec des colorants à base d'eau et amicales avec l'environnement . Notre système d'impression est un processus unique qui permet d'imprimer directement sur les fibres des produits afin d'assurer réalisme et durabilité dans les couleurs . Merci à cela, nos vêtements peut être repassé sans perdre les propriétés.</p>
<div style=""text-align: left;""> </div>
<div style=""text-align: left;""> </div>
<br />
<div style=""text-align: left;""><strong>Caractéristiques:</strong></div>
<div style=""text-align: left;""> </div>
<br />
<div>
<ul>
<li style=""text-align: left;"">100% coton premium</li>
<li style=""text-align: left;"">Pré - lavé, toujours garde les propriétés</li>
<li style=""text-align: left;"">Couleurs et Dessins, réalistes</li>
<li style=""text-align: left;"">Colorants à base d'eau</li>
<li style=""text-align: left;"">Libre de substances nocives (Certificación Oeko-Tex Standard 100)</li>
<li style=""text-align: left;"">Respectueux avec la durabilité environnementale</li>
</ul>
</div>
</div>
<p> </p>
<div style=""text-align: center;""> </div>",,Wild Tiger Coussin,"Vêtements full-printing imprimés en 3D. T-shirts, sweatshirts, chaussettes, débardeur, accessoires et bien plus encore. Tous imprimés sur coton 100% avec des dessins hyperréalistes.",wild-tiger-coussin
1715,Smiling Coussin,"<div style=""text-align: center;"">
<p style=""text-align: left;"">Nos vêtements ne rétrécissent pas et les coleurs disparaissent jamais. Nous utilisons des colorants naturels complètement exempt de substances nocives (Oeko-Tex Standard 100 - certification). Chaque vêtement est fait en vertu d'un processus manuel teinté avec des colorants à base d'eau et amicales avec l'environnement . Notre système d'impression est un processus unique qui permet d'imprimer directement sur les fibres des produits afin d'assurer réalisme et durabilité dans les couleurs . Merci à cela, nos vêtements peut être repassé sans perdre les propriétés.</p>
<div style=""text-align: left;""> </div>
<div style=""text-align: left;""> </div>
<br />
<div style=""text-align: left;""><strong>Caractéristiques:</strong></div>
<div style=""text-align: left;""> </div>
<br />
<div>
<ul>
<li style=""text-align: left;"">100% coton premium</li>
<li style=""text-align: left;"">Pré - lavé, toujours garde les propriétés</li>
<li style=""text-align: left;"">Couleurs et Dessins, réalistes</li>
<li style=""text-align: left;"">Colorants à base d'eau</li>
<li style=""text-align: left;"">Libre de substances nocives (Certificación Oeko-Tex Standard 100)</li>
<li style=""text-align: left;"">Respectueux avec la durabilité environnementale</li>
</ul>
</div>
</div>
<p> </p>
<div style=""text-align: center;""> </div>",,Smiling Coussin,"Vêtements full-printing imprimés en 3D. T-shirts, sweatshirts, chaussettes, débardeur, accessoires et bien plus encore. Tous imprimés sur coton 100% avec des dessins hyperréalistes.",smiling-coussin
1716,Ted Monkey Coussin,"<div style=""text-align: center;"">
<p style=""text-align: left;"">Nos vêtements ne rétrécissent pas et les coleurs disparaissent jamais. Nous utilisons des colorants naturels complètement exempt de substances nocives (Oeko-Tex Standard 100 - certification). Chaque vêtement est fait en vertu d'un processus manuel teinté avec des colorants à base d'eau et amicales avec l'environnement . Notre système d'impression est un processus unique qui permet d'imprimer directement sur les fibres des produits afin d'assurer réalisme et durabilité dans les couleurs . Merci à cela, nos vêtements peut être repassé sans perdre les propriétés.</p>
<div style=""text-align: left;""> </div>
<div style=""text-align: left;""> </div>
<br />
<div style=""text-align: left;""><strong>Caractéristiques:</strong></div>
<div style=""text-align: left;""> </div>
<br />
<div>
<ul>
<li style=""text-align: left;"">100% coton premium</li>
<li style=""text-align: left;"">Pré - lavé, toujours garde les propriétés</li>
<li style=""text-align: left;"">Couleurs et Dessins, réalistes</li>
<li style=""text-align: left;"">Colorants à base d'eau</li>
<li style=""text-align: left;"">Libre de substances nocives (Certificación Oeko-Tex Standard 100)</li>
<li style=""text-align: left;"">Respectueux avec la durabilité environnementale</li>
</ul>
</div>
</div>
<p> </p>
<div style=""text-align: center;""> </div>",,Ted Monkey Coussin,"Vêtements full-printing imprimés en 3D. T-shirts, sweatshirts, chaussettes, débardeur, accessoires et bien plus encore. Tous imprimés sur coton 100% avec des dessins hyperréalistes.",ted-monkey-coussin
1717,Art Ilusion Coussin,"<div style=""text-align: center;"">
<p style=""text-align: left;"">Nos vêtements ne rétrécissent pas et les coleurs disparaissent jamais. Nous utilisons des colorants naturels complètement exempt de substances nocives (Oeko-Tex Standard 100 - certification). Chaque vêtement est fait en vertu d'un processus manuel teinté avec des colorants à base d'eau et amicales avec l'environnement . Notre système d'impression est un processus unique qui permet d'imprimer directement sur les fibres des produits afin d'assurer réalisme et durabilité dans les couleurs . Merci à cela, nos vêtements peut être repassé sans perdre les propriétés.</p>
<div style=""text-align: left;""> </div>
<div style=""text-align: left;""> </div>
<br />
<div style=""text-align: left;""><strong>Caractéristiques:</strong></div>
<div style=""text-align: left;""> </div>
<br />
<div>
<ul>
<li style=""text-align: left;"">100% coton premium</li>
<li style=""text-align: left;"">Pré - lavé, toujours garde les propriétés</li>
<li style=""text-align: left;"">Couleurs et Dessins, réalistes</li>
<li style=""text-align: left;"">Colorants à base d'eau</li>
<li style=""text-align: left;"">Libre de substances nocives (Certificación Oeko-Tex Standard 100)</li>
<li style=""text-align: left;"">Respectueux avec la durabilité environnementale</li>
</ul>
</div>
</div>
<p> </p>
<div style=""text-align: center;""> </div>",,Art Ilusion Coussin,"Vêtements full-printing imprimés en 3D. T-shirts, sweatshirts, chaussettes, débardeur, accessoires et bien plus encore. Tous imprimés sur coton 100% avec des dessins hyperréalistes.",art-ilusion-coussin
1718,Pop Pet Coussin,"<div style=""text-align: center;"">
<p style=""text-align: left;"">Nos vêtements ne rétrécissent pas et les coleurs disparaissent jamais. Nous utilisons des colorants naturels complètement exempt de substances nocives (Oeko-Tex Standard 100 - certification). Chaque vêtement est fait en vertu d'un processus manuel teinté avec des colorants à base d'eau et amicales avec l'environnement . Notre système d'impression est un processus unique qui permet d'imprimer directement sur les fibres des produits afin d'assurer réalisme et durabilité dans les couleurs . Merci à cela, nos vêtements peut être repassé sans perdre les propriétés.</p>
<div style=""text-align: left;""> </div>
<div style=""text-align: left;""> </div>
<br />
<div style=""text-align: left;""><strong>Caractéristiques:</strong></div>
<div style=""text-align: left;""> </div>
<br />
<div>
<ul>
<li style=""text-align: left;"">100% coton premium</li>
<li style=""text-align: left;"">Pré - lavé, toujours garde les propriétés</li>
<li style=""text-align: left;"">Couleurs et Dessins, réalistes</li>
<li style=""text-align: left;"">Colorants à base d'eau</li>
<li style=""text-align: left;"">Libre de substances nocives (Certificación Oeko-Tex Standard 100)</li>
<li style=""text-align: left;"">Respectueux avec la durabilité environnementale</li>
</ul>
</div>
</div>
<p> </p>
<div style=""text-align: center;""> </div>",,Pop Pet Coussin,"Vêtements full-printing imprimés en 3D. T-shirts, sweatshirts, chaussettes, débardeur, accessoires et bien plus encore. Tous imprimés sur coton 100% avec des dessins hyperréalistes.",pop-pet-coussin
1719,Stereo Set Coussin,"<div style=""text-align: center;"">
<p style=""text-align: left;"">Nos vêtements ne rétrécissent pas et les coleurs disparaissent jamais. Nous utilisons des colorants naturels complètement exempt de substances nocives (Oeko-Tex Standard 100 - certification). Chaque vêtement est fait en vertu d'un processus manuel teinté avec des colorants à base d'eau et amicales avec l'environnement . Notre système d'impression est un processus unique qui permet d'imprimer directement sur les fibres des produits afin d'assurer réalisme et durabilité dans les couleurs . Merci à cela, nos vêtements peut être repassé sans perdre les propriétés.</p>
<div style=""text-align: left;""> </div>
<div style=""text-align: left;""> </div>
<br />
<div style=""text-align: left;""><strong>Caractéristiques:</strong></div>
<div style=""text-align: left;""> </div>
<br />
<div>
<ul>
<li style=""text-align: left;"">100% coton premium</li>
<li style=""text-align: left;"">Pré - lavé, toujours garde les propriétés</li>
<li style=""text-align: left;"">Couleurs et Dessins, réalistes</li>
<li style=""text-align: left;"">Colorants à base d'eau</li>
<li style=""text-align: left;"">Libre de substances nocives (Certificación Oeko-Tex Standard 100)</li>
<li style=""text-align: left;"">Respectueux avec la durabilité environnementale</li>
</ul>
</div>
</div>
<p> </p>
<div style=""text-align: center;""> </div>",,Stereo Set Coussin,"Vêtements full-printing imprimés en 3D. T-shirts, sweatshirts, chaussettes, débardeur, accessoires et bien plus encore. Tous imprimés sur coton 100% avec des dessins hyperréalistes.",stereo-set-coussin
1720,Abstract Shapes Coussin,"<div style=""text-align: center;"">
<p style=""text-align: left;"">Nos vêtements ne rétrécissent pas et les coleurs disparaissent jamais. Nous utilisons des colorants naturels complètement exempt de substances nocives (Oeko-Tex Standard 100 - certification). Chaque vêtement est fait en vertu d'un processus manuel teinté avec des colorants à base d'eau et amicales avec l'environnement . Notre système d'impression est un processus unique qui permet d'imprimer directement sur les fibres des produits afin d'assurer réalisme et durabilité dans les couleurs . Merci à cela, nos vêtements peut être repassé sans perdre les propriétés.</p>
<div style=""text-align: left;""> </div>
<div style=""text-align: left;""> </div>
<br />
<div style=""text-align: left;""><strong>Caractéristiques:</strong></div>
<div style=""text-align: left;""> </div>
<br />
<div>
<ul>
<li style=""text-align: left;"">100% coton premium</li>
<li style=""text-align: left;"">Pré - lavé, toujours garde les propriétés</li>
<li style=""text-align: left;"">Couleurs et Dessins, réalistes</li>
<li style=""text-align: left;"">Colorants à base d'eau</li>
<li style=""text-align: left;"">Libre de substances nocives (Certificación Oeko-Tex Standard 100)</li>
<li style=""text-align: left;"">Respectueux avec la durabilité environnementale</li>
</ul>
</div>
</div>
<p> </p>
<div style=""text-align: center;""> </div>",,Abstract Shapes Coussin,"Vêtements full-printing imprimés en 3D. T-shirts, sweatshirts, chaussettes, débardeur, accessoires et bien plus encore. Tous imprimés sur coton 100% avec des dessins hyperréalistes.",abstract-shapes-coussin
1721,Stylish Llama Coussin,"<div style=""text-align: center;"">
<p style=""text-align: left;"">Nos vêtements ne rétrécissent pas et les coleurs disparaissent jamais. Nous utilisons des colorants naturels complètement exempt de substances nocives (Oeko-Tex Standard 100 - certification). Chaque vêtement est fait en vertu d'un processus manuel teinté avec des colorants à base d'eau et amicales avec l'environnement . Notre système d'impression est un processus unique qui permet d'imprimer directement sur les fibres des produits afin d'assurer réalisme et durabilité dans les couleurs . Merci à cela, nos vêtements peut être repassé sans perdre les propriétés.</p>
<div style=""text-align: left;""> </div>
<div style=""text-align: left;""> </div>
<br />
<div style=""text-align: left;""><strong>Caractéristiques:</strong></div>
<div style=""text-align: left;""> </div>
<br />
<div>
<ul>
<li style=""text-align: left;"">100% coton premium</li>
<li style=""text-align: left;"">Pré - lavé, toujours garde les propriétés</li>
<li style=""text-align: left;"">Couleurs et Dessins, réalistes</li>
<li style=""text-align: left;"">Colorants à base d'eau</li>
<li style=""text-align: left;"">Libre de substances nocives (Certificación Oeko-Tex Standard 100)</li>
<li style=""text-align: left;"">Respectueux avec la durabilité environnementale</li>
</ul>
</div>
</div>
<p> </p>
<div style=""text-align: center;""> </div>",,Stylish Llama Coussin,"Vêtements full-printing imprimés en 3D. T-shirts, sweatshirts, chaussettes, débardeur, accessoires et bien plus encore. Tous imprimés sur coton 100% avec des dessins hyperréalistes.",stylish-llama-coussin
1722,Fox Mask Coussin,"<div style=""text-align: center;"">
<p style=""text-align: left;"">Nos vêtements ne rétrécissent pas et les coleurs disparaissent jamais. Nous utilisons des colorants naturels complètement exempt de substances nocives (Oeko-Tex Standard 100 - certification). Chaque vêtement est fait en vertu d'un processus manuel teinté avec des colorants à base d'eau et amicales avec l'environnement . Notre système d'impression est un processus unique qui permet d'imprimer directement sur les fibres des produits afin d'assurer réalisme et durabilité dans les couleurs . Merci à cela, nos vêtements peut être repassé sans perdre les propriétés.</p>
<div style=""text-align: left;""> </div>
<div style=""text-align: left;""> </div>
<br />
<div style=""text-align: left;""><strong>Caractéristiques:</strong></div>
<div style=""text-align: left;""> </div>
<br />
<div>
<ul>
<li style=""text-align: left;"">100% coton premium</li>
<li style=""text-align: left;"">Pré - lavé, toujours garde les propriétés</li>
<li style=""text-align: left;"">Couleurs et Dessins, réalistes</li>
<li style=""text-align: left;"">Colorants à base d'eau</li>
<li style=""text-align: left;"">Libre de substances nocives (Certificación Oeko-Tex Standard 100)</li>
<li style=""text-align: left;"">Respectueux avec la durabilité environnementale</li>
</ul>
</div>
</div>
<p> </p>
<div style=""text-align: center;""> </div>",,Fox Mask Coussin,"Vêtements full-printing imprimés en 3D. T-shirts, sweatshirts, chaussettes, débardeur, accessoires et bien plus encore. Tous imprimés sur coton 100% avec des dessins hyperréalistes.",fox-mask-coussin
1723,Zebra Sunset Coussin,"<div style=""text-align: center;"">
<p style=""text-align: left;"">Nos vêtements ne rétrécissent pas et les coleurs disparaissent jamais. Nous utilisons des colorants naturels complètement exempt de substances nocives (Oeko-Tex Standard 100 - certification). Chaque vêtement est fait en vertu d'un processus manuel teinté avec des colorants à base d'eau et amicales avec l'environnement . Notre système d'impression est un processus unique qui permet d'imprimer directement sur les fibres des produits afin d'assurer réalisme et durabilité dans les couleurs . Merci à cela, nos vêtements peut être repassé sans perdre les propriétés.</p>
<div style=""text-align: left;""> </div>
<div style=""text-align: left;""> </div>
<br />
<div style=""text-align: left;""><strong>Caractéristiques:</strong></div>
<div style=""text-align: left;""> </div>
<br />
<div>
<ul>
<li style=""text-align: left;"">100% coton premium</li>
<li style=""text-align: left;"">Pré - lavé, toujours garde les propriétés</li>
<li style=""text-align: left;"">Couleurs et Dessins, réalistes</li>
<li style=""text-align: left;"">Colorants à base d'eau</li>
<li style=""text-align: left;"">Libre de substances nocives (Certificación Oeko-Tex Standard 100)</li>
<li style=""text-align: left;"">Respectueux avec la durabilité environnementale</li>
</ul>
</div>
</div>
<p> </p>
<div style=""text-align: center;""> </div>",,Zebra Sunset Coussin,"Vêtements full-printing imprimés en 3D. T-shirts, sweatshirts, chaussettes, débardeur, accessoires et bien plus encore. Tous imprimés sur coton 100% avec des dessins hyperréalistes.",zebra-sunset-coussin
1724,Morocco Coussin,"<div style=""text-align: center;"">
<p style=""text-align: left;"">Nos vêtements ne rétrécissent pas et les coleurs disparaissent jamais. Nous utilisons des colorants naturels complètement exempt de substances nocives (Oeko-Tex Standard 100 - certification). Chaque vêtement est fait en vertu d'un processus manuel teinté avec des colorants à base d'eau et amicales avec l'environnement . Notre système d'impression est un processus unique qui permet d'imprimer directement sur les fibres des produits afin d'assurer réalisme et durabilité dans les couleurs . Merci à cela, nos vêtements peut être repassé sans perdre les propriétés.</p>
<div style=""text-align: left;""> </div>
<div style=""text-align: left;""> </div>
<br />
<div style=""text-align: left;""><strong>Caractéristiques:</strong></div>
<div style=""text-align: left;""> </div>
<br />
<div>
<ul>
<li style=""text-align: left;"">100% coton premium</li>
<li style=""text-align: left;"">Pré - lavé, toujours garde les propriétés</li>
<li style=""text-align: left;"">Couleurs et Dessins, réalistes</li>
<li style=""text-align: left;"">Colorants à base d'eau</li>
<li style=""text-align: left;"">Libre de substances nocives (Certificación Oeko-Tex Standard 100)</li>
<li style=""text-align: left;"">Respectueux avec la durabilité environnementale</li>
</ul>
</div>
</div>
<p> </p>
<div style=""text-align: center;""> </div>",,Morocco Coussin,"Vêtements full-printing imprimés en 3D. T-shirts, sweatshirts, chaussettes, débardeur, accessoires et bien plus encore. Tous imprimés sur coton 100% avec des dessins hyperréalistes.",morocco-coussin
1725,Crafty Elephants Coussin,"<div style=""text-align: center;"">
<p style=""text-align: left;"">Nos vêtements ne rétrécissent pas et les coleurs disparaissent jamais. Nous utilisons des colorants naturels complètement exempt de substances nocives (Oeko-Tex Standard 100 - certification). Chaque vêtement est fait en vertu d'un processus manuel teinté avec des colorants à base d'eau et amicales avec l'environnement . Notre système d'impression est un processus unique qui permet d'imprimer directement sur les fibres des produits afin d'assurer réalisme et durabilité dans les couleurs . Merci à cela, nos vêtements peut être repassé sans perdre les propriétés.</p>
<div style=""text-align: left;""> </div>
<div style=""text-align: left;""> </div>
<br />
<div style=""text-align: left;""><strong>Caractéristiques:</strong></div>
<div style=""text-align: left;""> </div>
<br />
<div>
<ul>
<li style=""text-align: left;"">100% coton premium</li>
<li style=""text-align: left;"">Pré - lavé, toujours garde les propriétés</li>
<li style=""text-align: left;"">Couleurs et Dessins, réalistes</li>
<li style=""text-align: left;"">Colorants à base d'eau</li>
<li style=""text-align: left;"">Libre de substances nocives (Certificación Oeko-Tex Standard 100)</li>
<li style=""text-align: left;"">Respectueux avec la durabilité environnementale</li>
</ul>
</div>
</div>
<p> </p>
<div style=""text-align: center;""> </div>",,Crafty Elephants Coussin,"Vêtements full-printing imprimés en 3D. T-shirts, sweatshirts, chaussettes, débardeur, accessoires et bien plus encore. Tous imprimés sur coton 100% avec des dessins hyperréalistes.",crafty-elephants-coussin
1726,Game Grass Coussin,"<div style=""text-align: center;"">
<p style=""text-align: left;"">Nos vêtements ne rétrécissent pas et les coleurs disparaissent jamais. Nous utilisons des colorants naturels complètement exempt de substances nocives (Oeko-Tex Standard 100 - certification). Chaque vêtement est fait en vertu d'un processus manuel teinté avec des colorants à base d'eau et amicales avec l'environnement . Notre système d'impression est un processus unique qui permet d'imprimer directement sur les fibres des produits afin d'assurer réalisme et durabilité dans les couleurs . Merci à cela, nos vêtements peut être repassé sans perdre les propriétés.</p>
<div style=""text-align: left;""> </div>
<div style=""text-align: left;""> </div>
<br />
<div style=""text-align: left;""><strong>Caractéristiques:</strong></div>
<div style=""text-align: left;""> </div>
<br />
<div>
<ul>
<li style=""text-align: left;"">100% coton premium</li>
<li style=""text-align: left;"">Pré - lavé, toujours garde les propriétés</li>
<li style=""text-align: left;"">Couleurs et Dessins, réalistes</li>
<li style=""text-align: left;"">Colorants à base d'eau</li>
<li style=""text-align: left;"">Libre de substances nocives (Certificación Oeko-Tex Standard 100)</li>
<li style=""text-align: left;"">Respectueux avec la durabilité environnementale</li>
</ul>
</div>
</div>
<p> </p>
<div style=""text-align: center;""> </div>",,Game Grass Coussin,"Vêtements full-printing imprimés en 3D. T-shirts, sweatshirts, chaussettes, débardeur, accessoires et bien plus encore. Tous imprimés sur coton 100% avec des dessins hyperréalistes.",game-grass-coussin
1727,Sweet Bananas Coussin,"<div style=""text-align: center;"">
<p style=""text-align: left;"">Nos vêtements ne rétrécissent pas et les coleurs disparaissent jamais. Nous utilisons des colorants naturels complètement exempt de substances nocives (Oeko-Tex Standard 100 - certification). Chaque vêtement est fait en vertu d'un processus manuel teinté avec des colorants à base d'eau et amicales avec l'environnement . Notre système d'impression est un processus unique qui permet d'imprimer directement sur les fibres des produits afin d'assurer réalisme et durabilité dans les couleurs . Merci à cela, nos vêtements peut être repassé sans perdre les propriétés.</p>
<div style=""text-align: left;""> </div>
<div style=""text-align: left;""> </div>
<br />
<div style=""text-align: left;""><strong>Caractéristiques:</strong></div>
<div style=""text-align: left;""> </div>
<br />
<div>
<ul>
<li style=""text-align: left;"">100% coton premium</li>
<li style=""text-align: left;"">Pré - lavé, toujours garde les propriétés</li>
<li style=""text-align: left;"">Couleurs et Dessins, réalistes</li>
<li style=""text-align: left;"">Colorants à base d'eau</li>
<li style=""text-align: left;"">Libre de substances nocives (Certificación Oeko-Tex Standard 100)</li>
<li style=""text-align: left;"">Respectueux avec la durabilité environnementale</li>
</ul>
</div>
</div>
<p> </p>
<div style=""text-align: center;""> </div>",,Sweet Bananas Coussin,"Vêtements full-printing imprimés en 3D. T-shirts, sweatshirts, chaussettes, débardeur, accessoires et bien plus encore. Tous imprimés sur coton 100% avec des dessins hyperréalistes.",sweet-bananas-coussin
1728,Kiwis Coussin,"<div style=""text-align: center;"">
<p style=""text-align: left;"">Nos vêtements ne rétrécissent pas et les coleurs disparaissent jamais. Nous utilisons des colorants naturels complètement exempt de substances nocives (Oeko-Tex Standard 100 - certification). Chaque vêtement est fait en vertu d'un processus manuel teinté avec des colorants à base d'eau et amicales avec l'environnement . Notre système d'impression est un processus unique qui permet d'imprimer directement sur les fibres des produits afin d'assurer réalisme et durabilité dans les couleurs . Merci à cela, nos vêtements peut être repassé sans perdre les propriétés.</p>
<div style=""text-align: left;""> </div>
<div style=""text-align: left;""> </div>
<br />
<div style=""text-align: left;""><strong>Caractéristiques:</strong></div>
<div style=""text-align: left;""> </div>
<br />
<div>
<ul>
<li style=""text-align: left;"">100% coton premium</li>
<li style=""text-align: left;"">Pré - lavé, toujours garde les propriétés</li>
<li style=""text-align: left;"">Couleurs et Dessins, réalistes</li>
<li style=""text-align: left;"">Colorants à base d'eau</li>
<li style=""text-align: left;"">Libre de substances nocives (Certificación Oeko-Tex Standard 100)</li>
<li style=""text-align: left;"">Respectueux avec la durabilité environnementale</li>
</ul>
</div>
</div>
<p> </p>
<div style=""text-align: center;""> </div>",,Kiwis Coussin,"Vêtements full-printing imprimés en 3D. T-shirts, sweatshirts, chaussettes, débardeur, accessoires et bien plus encore. Tous imprimés sur coton 100% avec des dessins hyperréalistes.",kiwis-coussin
1729,Sooth Eye Coussin,"<div style=""text-align: center;"">
<p style=""text-align: left;"">Nos vêtements ne rétrécissent pas et les coleurs disparaissent jamais. Nous utilisons des colorants naturels complètement exempt de substances nocives (Oeko-Tex Standard 100 - certification). Chaque vêtement est fait en vertu d'un processus manuel teinté avec des colorants à base d'eau et amicales avec l'environnement . Notre système d'impression est un processus unique qui permet d'imprimer directement sur les fibres des produits afin d'assurer réalisme et durabilité dans les couleurs . Merci à cela, nos vêtements peut être repassé sans perdre les propriétés.</p>
<div style=""text-align: left;""> </div>
<div style=""text-align: left;""> </div>
<br />
<div style=""text-align: left;""><strong>Caractéristiques:</strong></div>
<div style=""text-align: left;""> </div>
<br />
<div>
<ul>
<li style=""text-align: left;"">100% coton premium</li>
<li style=""text-align: left;"">Pré - lavé, toujours garde les propriétés</li>
<li style=""text-align: left;"">Couleurs et Dessins, réalistes</li>
<li style=""text-align: left;"">Colorants à base d'eau</li>
<li style=""text-align: left;"">Libre de substances nocives (Certificación Oeko-Tex Standard 100)</li>
<li style=""text-align: left;"">Respectueux avec la durabilité environnementale</li>
</ul>
</div>
</div>
<p> </p>
<div style=""text-align: center;""> </div>",,Sooth Eye Coussin,"Vêtements full-printing imprimés en 3D. T-shirts, sweatshirts, chaussettes, débardeur, accessoires et bien plus encore. Tous imprimés sur coton 100% avec des dessins hyperréalistes.",sooth-eye-coussin
1730,Mr Donkey Coussin,"<div style=""text-align: center;"">
<p style=""text-align: left;"">Nos vêtements ne rétrécissent pas et les coleurs disparaissent jamais. Nous utilisons des colorants naturels complètement exempt de substances nocives (Oeko-Tex Standard 100 - certification). Chaque vêtement est fait en vertu d'un processus manuel teinté avec des colorants à base d'eau et amicales avec l'environnement . Notre système d'impression est un processus unique qui permet d'imprimer directement sur les fibres des produits afin d'assurer réalisme et durabilité dans les couleurs . Merci à cela, nos vêtements peut être repassé sans perdre les propriétés.</p>
<div style=""text-align: left;""> </div>
<div style=""text-align: left;""> </div>
<br />
<div style=""text-align: left;""><strong>Caractéristiques:</strong></div>
<div style=""text-align: left;""> </div>
<br />
<div>
<ul>
<li style=""text-align: left;"">100% coton premium</li>
<li style=""text-align: left;"">Pré - lavé, toujours garde les propriétés</li>
<li style=""text-align: left;"">Couleurs et Dessins, réalistes</li>
<li style=""text-align: left;"">Colorants à base d'eau</li>
<li style=""text-align: left;"">Libre de substances nocives (Certificación Oeko-Tex Standard 100)</li>
<li style=""text-align: left;"">Respectueux avec la durabilité environnementale</li>
</ul>
</div>
</div>
<p> </p>
<div style=""text-align: center;""> </div>",,Mr Donkey Coussin,"Vêtements full-printing imprimés en 3D. T-shirts, sweatshirts, chaussettes, débardeur, accessoires et bien plus encore. Tous imprimés sur coton 100% avec des dessins hyperréalistes.",mr-donkey-coussin
1731,The King Coussin,"<div style=""text-align: center;"">
<p style=""text-align: left;"">Nos vêtements ne rétrécissent pas et les coleurs disparaissent jamais. Nous utilisons des colorants naturels complètement exempt de substances nocives (Oeko-Tex Standard 100 - certification). Chaque vêtement est fait en vertu d'un processus manuel teinté avec des colorants à base d'eau et amicales avec l'environnement . Notre système d'impression est un processus unique qui permet d'imprimer directement sur les fibres des produits afin d'assurer réalisme et durabilité dans les couleurs . Merci à cela, nos vêtements peut être repassé sans perdre les propriétés.</p>
<div style=""text-align: left;""> </div>
<div style=""text-align: left;""> </div>
<br />
<div style=""text-align: left;""><strong>Caractéristiques:</strong></div>
<div style=""text-align: left;""> </div>
<br />
<div>
<ul>
<li style=""text-align: left;"">100% coton premium</li>
<li style=""text-align: left;"">Pré - lavé, toujours garde les propriétés</li>
<li style=""text-align: left;"">Couleurs et Dessins, réalistes</li>
<li style=""text-align: left;"">Colorants à base d'eau</li>
<li style=""text-align: left;"">Libre de substances nocives (Certificación Oeko-Tex Standard 100)</li>
<li style=""text-align: left;"">Respectueux avec la durabilité environnementale</li>
</ul>
</div>
</div>
<p> </p>
<div style=""text-align: center;""> </div>",,The King Coussin,"Vêtements full-printing imprimés en 3D. T-shirts, sweatshirts, chaussettes, débardeur, accessoires et bien plus encore. Tous imprimés sur coton 100% avec des dessins hyperréalistes.",the-king-coussin
1732,Blue Abstract Coussin,"<div style=""text-align: center;"">
<p style=""text-align: left;"">Nos vêtements ne rétrécissent pas et les coleurs disparaissent jamais. Nous utilisons des colorants naturels complètement exempt de substances nocives (Oeko-Tex Standard 100 - certification). Chaque vêtement est fait en vertu d'un processus manuel teinté avec des colorants à base d'eau et amicales avec l'environnement . Notre système d'impression est un processus unique qui permet d'imprimer directement sur les fibres des produits afin d'assurer réalisme et durabilité dans les couleurs . Merci à cela, nos vêtements peut être repassé sans perdre les propriétés.</p>
<div style=""text-align: left;""> </div>
<div style=""text-align: left;""> </div>
<br />
<div style=""text-align: left;""><strong>Caractéristiques:</strong></div>
<div style=""text-align: left;""> </div>
<br />
<div>
<ul>
<li style=""text-align: left;"">100% coton premium</li>
<li style=""text-align: left;"">Pré - lavé, toujours garde les propriétés</li>
<li style=""text-align: left;"">Couleurs et Dessins, réalistes</li>
<li style=""text-align: left;"">Colorants à base d'eau</li>
<li style=""text-align: left;"">Libre de substances nocives (Certificación Oeko-Tex Standard 100)</li>
<li style=""text-align: left;"">Respectueux avec la durabilité environnementale</li>
</ul>
</div>
</div>
<p> </p>
<div style=""text-align: center;""> </div>",,Blue Abstract Coussin,"Vêtements full-printing imprimés en 3D. T-shirts, sweatshirts, chaussettes, débardeur, accessoires et bien plus encore. Tous imprimés sur coton 100% avec des dessins hyperréalistes.",blue-abstract-coussin
1733,Space Toons Coussin,"<div style=""text-align: center;"">
<p style=""text-align: left;"">Nos vêtements ne rétrécissent pas et les coleurs disparaissent jamais. Nous utilisons des colorants naturels complètement exempt de substances nocives (Oeko-Tex Standard 100 - certification). Chaque vêtement est fait en vertu d'un processus manuel teinté avec des colorants à base d'eau et amicales avec l'environnement . Notre système d'impression est un processus unique qui permet d'imprimer directement sur les fibres des produits afin d'assurer réalisme et durabilité dans les couleurs . Merci à cela, nos vêtements peut être repassé sans perdre les propriétés.</p>
<div style=""text-align: left;""> </div>
<div style=""text-align: left;""> </div>
<br />
<div style=""text-align: left;""><strong>Caractéristiques:</strong></div>
<div style=""text-align: left;""> </div>
<br />
<div>
<ul>
<li style=""text-align: left;"">100% coton premium</li>
<li style=""text-align: left;"">Pré - lavé, toujours garde les propriétés</li>
<li style=""text-align: left;"">Couleurs et Dessins, réalistes</li>
<li style=""text-align: left;"">Colorants à base d'eau</li>
<li style=""text-align: left;"">Libre de substances nocives (Certificación Oeko-Tex Standard 100)</li>
<li style=""text-align: left;"">Respectueux avec la durabilité environnementale</li>
</ul>
</div>
</div>
<p> </p>
<div style=""text-align: center;""> </div>",,Space Toons Coussin,"Vêtements full-printing imprimés en 3D. T-shirts, sweatshirts, chaussettes, débardeur, accessoires et bien plus encore. Tous imprimés sur coton 100% avec des dessins hyperréalistes.",space-toons-coussin
1734,Surf Waves Coussin,"<div style=""text-align: center;"">
<p style=""text-align: left;"">Nos vêtements ne rétrécissent pas et les coleurs disparaissent jamais. Nous utilisons des colorants naturels complètement exempt de substances nocives (Oeko-Tex Standard 100 - certification). Chaque vêtement est fait en vertu d'un processus manuel teinté avec des colorants à base d'eau et amicales avec l'environnement . Notre système d'impression est un processus unique qui permet d'imprimer directement sur les fibres des produits afin d'assurer réalisme et durabilité dans les couleurs . Merci à cela, nos vêtements peut être repassé sans perdre les propriétés.</p>
<div style=""text-align: left;""> </div>
<div style=""text-align: left;""> </div>
<br />
<div style=""text-align: left;""><strong>Caractéristiques:</strong></div>
<div style=""text-align: left;""> </div>
<br />
<div>
<ul>
<li style=""text-align: left;"">100% coton premium</li>
<li style=""text-align: left;"">Pré - lavé, toujours garde les propriétés</li>
<li style=""text-align: left;"">Couleurs et Dessins, réalistes</li>
<li style=""text-align: left;"">Colorants à base d'eau</li>
<li style=""text-align: left;"">Libre de substances nocives (Certificación Oeko-Tex Standard 100)</li>
<li style=""text-align: left;"">Respectueux avec la durabilité environnementale</li>
</ul>
</div>
</div>
<p> </p>
<div style=""text-align: center;""> </div>",,Surf Waves Coussin,"Vêtements full-printing imprimés en 3D. T-shirts, sweatshirts, chaussettes, débardeur, accessoires et bien plus encore. Tous imprimés sur coton 100% avec des dessins hyperréalistes.",surf-waves-coussin
1735,Rally Coussin,"<div style=""text-align: center;"">
<p style=""text-align: left;"">Nos vêtements ne rétrécissent pas et les coleurs disparaissent jamais. Nous utilisons des colorants naturels complètement exempt de substances nocives (Oeko-Tex Standard 100 - certification). Chaque vêtement est fait en vertu d'un processus manuel teinté avec des colorants à base d'eau et amicales avec l'environnement . Notre système d'impression est un processus unique qui permet d'imprimer directement sur les fibres des produits afin d'assurer réalisme et durabilité dans les couleurs . Merci à cela, nos vêtements peut être repassé sans perdre les propriétés.</p>
<div style=""text-align: left;""> </div>
<div style=""text-align: left;""> </div>
<br />
<div style=""text-align: left;""><strong>Caractéristiques:</strong></div>
<div style=""text-align: left;""> </div>
<br />
<div>
<ul>
<li style=""text-align: left;"">100% coton premium</li>
<li style=""text-align: left;"">Pré - lavé, toujours garde les propriétés</li>
<li style=""text-align: left;"">Couleurs et Dessins, réalistes</li>
<li style=""text-align: left;"">Colorants à base d'eau</li>
<li style=""text-align: left;"">Libre de substances nocives (Certificación Oeko-Tex Standard 100)</li>
<li style=""text-align: left;"">Respectueux avec la durabilité environnementale</li>
</ul>
</div>
</div>
<p> </p>
<div style=""text-align: center;""> </div>",,Rally Coussin,"Vêtements full-printing imprimés en 3D. T-shirts, sweatshirts, chaussettes, débardeur, accessoires et bien plus encore. Tous imprimés sur coton 100% avec des dessins hyperréalistes.",rally-coussin
1736,Sky Umbrella Coussin,"<div style=""text-align: center;"">
<p style=""text-align: left;"">Nos vêtements ne rétrécissent pas et les coleurs disparaissent jamais. Nous utilisons des colorants naturels complètement exempt de substances nocives (Oeko-Tex Standard 100 - certification). Chaque vêtement est fait en vertu d'un processus manuel teinté avec des colorants à base d'eau et amicales avec l'environnement . Notre système d'impression est un processus unique qui permet d'imprimer directement sur les fibres des produits afin d'assurer réalisme et durabilité dans les couleurs . Merci à cela, nos vêtements peut être repassé sans perdre les propriétés.</p>
<div style=""text-align: left;""> </div>
<div style=""text-align: left;""> </div>
<br />
<div style=""text-align: left;""><strong>Caractéristiques:</strong></div>
<div style=""text-align: left;""> </div>
<br />
<div>
<ul>
<li style=""text-align: left;"">100% coton premium</li>
<li style=""text-align: left;"">Pré - lavé, toujours garde les propriétés</li>
<li style=""text-align: left;"">Couleurs et Dessins, réalistes</li>
<li style=""text-align: left;"">Colorants à base d'eau</li>
<li style=""text-align: left;"">Libre de substances nocives (Certificación Oeko-Tex Standard 100)</li>
<li style=""text-align: left;"">Respectueux avec la durabilité environnementale</li>
</ul>
</div>
</div>
<p> </p>
<div style=""text-align: center;""> </div>",,Sky Umbrella Coussin,"Vêtements full-printing imprimés en 3D. T-shirts, sweatshirts, chaussettes, débardeur, accessoires et bien plus encore. Tous imprimés sur coton 100% avec des dessins hyperréalistes.",sky-umbrella-coussin
1737,Wild Elephant Coussin,"<div style=""text-align: center;"">
<p style=""text-align: left;"">Nos vêtements ne rétrécissent pas et les coleurs disparaissent jamais. Nous utilisons des colorants naturels complètement exempt de substances nocives (Oeko-Tex Standard 100 - certification). Chaque vêtement est fait en vertu d'un processus manuel teinté avec des colorants à base d'eau et amicales avec l'environnement . Notre système d'impression est un processus unique qui permet d'imprimer directement sur les fibres des produits afin d'assurer réalisme et durabilité dans les couleurs . Merci à cela, nos vêtements peut être repassé sans perdre les propriétés.</p>
<div style=""text-align: left;""> </div>
<div style=""text-align: left;""> </div>
<br />
<div style=""text-align: left;""><strong>Caractéristiques:</strong></div>
<div style=""text-align: left;""> </div>
<br />
<div>
<ul>
<li style=""text-align: left;"">100% coton premium</li>
<li style=""text-align: left;"">Pré - lavé, toujours garde les propriétés</li>
<li style=""text-align: left;"">Couleurs et Dessins, réalistes</li>
<li style=""text-align: left;"">Colorants à base d'eau</li>
<li style=""text-align: left;"">Libre de substances nocives (Certificación Oeko-Tex Standard 100)</li>
<li style=""text-align: left;"">Respectueux avec la durabilité environnementale</li>
</ul>
</div>
</div>
<p> </p>
<div style=""text-align: center;""> </div>",,Wild Elephant Coussin,"Vêtements full-printing imprimés en 3D. T-shirts, sweatshirts, chaussettes, débardeur, accessoires et bien plus encore. Tous imprimés sur coton 100% avec des dessins hyperréalistes.",wild-elephant-coussin
1738,Acid Lemon Coussin,"<div style=""text-align: center;"">
<p style=""text-align: left;"">Nos vêtements ne rétrécissent pas et les coleurs disparaissent jamais. Nous utilisons des colorants naturels complètement exempt de substances nocives (Oeko-Tex Standard 100 - certification). Chaque vêtement est fait en vertu d'un processus manuel teinté avec des colorants à base d'eau et amicales avec l'environnement . Notre système d'impression est un processus unique qui permet d'imprimer directement sur les fibres des produits afin d'assurer réalisme et durabilité dans les couleurs . Merci à cela, nos vêtements peut être repassé sans perdre les propriétés.</p>
<div style=""text-align: left;""> </div>
<div style=""text-align: left;""> </div>
<br />
<div style=""text-align: left;""><strong>Caractéristiques:</strong></div>
<div style=""text-align: left;""> </div>
<br />
<div>
<ul>
<li style=""text-align: left;"">100% coton premium</li>
<li style=""text-align: left;"">Pré - lavé, toujours garde les propriétés</li>
<li style=""text-align: left;"">Couleurs et Dessins, réalistes</li>
<li style=""text-align: left;"">Colorants à base d'eau</li>
<li style=""text-align: left;"">Libre de substances nocives (Certificación Oeko-Tex Standard 100)</li>
<li style=""text-align: left;"">Respectueux avec la durabilité environnementale</li>
</ul>
</div>
</div>
<p> </p>
<div style=""text-align: center;""> </div>",,Acid Lemon Coussin,"Vêtements full-printing imprimés en 3D. T-shirts, sweatshirts, chaussettes, débardeur, accessoires et bien plus encore. Tous imprimés sur coton 100% avec des dessins hyperréalistes.",acid-lemon-coussin
1739,Traveler Coussin,"<div style=""text-align: center;"">
<p style=""text-align: left;"">Nos vêtements ne rétrécissent pas et les coleurs disparaissent jamais. Nous utilisons des colorants naturels complètement exempt de substances nocives (Oeko-Tex Standard 100 - certification). Chaque vêtement est fait en vertu d'un processus manuel teinté avec des colorants à base d'eau et amicales avec l'environnement . Notre système d'impression est un processus unique qui permet d'imprimer directement sur les fibres des produits afin d'assurer réalisme et durabilité dans les couleurs . Merci à cela, nos vêtements peut être repassé sans perdre les propriétés.</p>
<div style=""text-align: left;""> </div>
<div style=""text-align: left;""> </div>
<br />
<div style=""text-align: left;""><strong>Caractéristiques:</strong></div>
<div style=""text-align: left;""> </div>
<br />
<div>
<ul>
<li style=""text-align: left;"">100% coton premium</li>
<li style=""text-align: left;"">Pré - lavé, toujours garde les propriétés</li>
<li style=""text-align: left;"">Couleurs et Dessins, réalistes</li>
<li style=""text-align: left;"">Colorants à base d'eau</li>
<li style=""text-align: left;"">Libre de substances nocives (Certificación Oeko-Tex Standard 100)</li>
<li style=""text-align: left;"">Respectueux avec la durabilité environnementale</li>
</ul>
</div>
</div>
<p> </p>
<div style=""text-align: center;""> </div>",,Traveler Coussin,"Vêtements full-printing imprimés en 3D. T-shirts, sweatshirts, chaussettes, débardeur, accessoires et bien plus encore. Tous imprimés sur coton 100% avec des dessins hyperréalistes.",traveler-coussin
1741,Eiffel Tower Coussin,"<div style=""text-align: center;"">
<p style=""text-align: left;"">Nos vêtements ne rétrécissent pas et les coleurs disparaissent jamais. Nous utilisons des colorants naturels complètement exempt de substances nocives (Oeko-Tex Standard 100 - certification). Chaque vêtement est fait en vertu d'un processus manuel teinté avec des colorants à base d'eau et amicales avec l'environnement . Notre système d'impression est un processus unique qui permet d'imprimer directement sur les fibres des produits afin d'assurer réalisme et durabilité dans les couleurs . Merci à cela, nos vêtements peut être repassé sans perdre les propriétés.</p>
<div style=""text-align: left;""> </div>
<div style=""text-align: left;""> </div>
<br />
<div style=""text-align: left;""><strong>Caractéristiques:</strong></div>
<div style=""text-align: left;""> </div>
<br />
<div>
<ul>
<li style=""text-align: left;"">100% coton premium</li>
<li style=""text-align: left;"">Pré - lavé, toujours garde les propriétés</li>
<li style=""text-align: left;"">Couleurs et Dessins, réalistes</li>
<li style=""text-align: left;"">Colorants à base d'eau</li>
<li style=""text-align: left;"">Libre de substances nocives (Certificación Oeko-Tex Standard 100)</li>
<li style=""text-align: left;"">Respectueux avec la durabilité environnementale</li>
</ul>
</div>
</div>
<p> </p>
<div style=""text-align: center;""> </div>",,Eiffel Tower Coussin,"Vêtements full-printing imprimés en 3D. T-shirts, sweatshirts, chaussettes, débardeur, accessoires et bien plus encore. Tous imprimés sur coton 100% avec des dessins hyperréalistes.",eiffel-tower-coussin
1742,Cloudy Sky Coussin,"<div style=""text-align: center;"">
<p style=""text-align: left;"">Nos vêtements ne rétrécissent pas et les coleurs disparaissent jamais. Nous utilisons des colorants naturels complètement exempt de substances nocives (Oeko-Tex Standard 100 - certification). Chaque vêtement est fait en vertu d'un processus manuel teinté avec des colorants à base d'eau et amicales avec l'environnement . Notre système d'impression est un processus unique qui permet d'imprimer directement sur les fibres des produits afin d'assurer réalisme et durabilité dans les couleurs . Merci à cela, nos vêtements peut être repassé sans perdre les propriétés.</p>
<div style=""text-align: left;""> </div>
<div style=""text-align: left;""> </div>
<br />
<div style=""text-align: left;""><strong>Caractéristiques:</strong></div>
<div style=""text-align: left;""> </div>
<br />
<div>
<ul>
<li style=""text-align: left;"">100% coton premium</li>
<li style=""text-align: left;"">Pré - lavé, toujours garde les propriétés</li>
<li style=""text-align: left;"">Couleurs et Dessins, réalistes</li>
<li style=""text-align: left;"">Colorants à base d'eau</li>
<li style=""text-align: left;"">Libre de substances nocives (Certificación Oeko-Tex Standard 100)</li>
<li style=""text-align: left;"">Respectueux avec la durabilité environnementale</li>
</ul>
</div>
</div>
<p> </p>
<div style=""text-align: center;""> </div>",,Cloudy Sky Coussin,"Vêtements full-printing imprimés en 3D. T-shirts, sweatshirts, chaussettes, débardeur, accessoires et bien plus encore. Tous imprimés sur coton 100% avec des dessins hyperréalistes.",cloudy-sky-coussin
1743,Hey Parrot Coussin,"<div style=""text-align: center;"">
<p style=""text-align: left;"">Nos vêtements ne rétrécissent pas et les coleurs disparaissent jamais. Nous utilisons des colorants naturels complètement exempt de substances nocives (Oeko-Tex Standard 100 - certification). Chaque vêtement est fait en vertu d'un processus manuel teinté avec des colorants à base d'eau et amicales avec l'environnement . Notre système d'impression est un processus unique qui permet d'imprimer directement sur les fibres des produits afin d'assurer réalisme et durabilité dans les couleurs . Merci à cela, nos vêtements peut être repassé sans perdre les propriétés.</p>
<div style=""text-align: left;""> </div>
<div style=""text-align: left;""> </div>
<br />
<div style=""text-align: left;""><strong>Caractéristiques:</strong></div>
<div style=""text-align: left;""> </div>
<br />
<div>
<ul>
<li style=""text-align: left;"">100% coton premium</li>
<li style=""text-align: left;"">Pré - lavé, toujours garde les propriétés</li>
<li style=""text-align: left;"">Couleurs et Dessins, réalistes</li>
<li style=""text-align: left;"">Colorants à base d'eau</li>
<li style=""text-align: left;"">Libre de substances nocives (Certificación Oeko-Tex Standard 100)</li>
<li style=""text-align: left;"">Respectueux avec la durabilité environnementale</li>
</ul>
</div>
</div>
<p> </p>
<div style=""text-align: center;""> </div>",,Hey Parrot Coussin,"Vêtements full-printing imprimés en 3D. T-shirts, sweatshirts, chaussettes, débardeur, accessoires et bien plus encore. Tous imprimés sur coton 100% avec des dessins hyperréalistes.",hey-parrot-coussin
1744,Paris View Coussin,"<div style=""text-align: center;"">
<p style=""text-align: left;"">Nos vêtements ne rétrécissent pas et les coleurs disparaissent jamais. Nous utilisons des colorants naturels complètement exempt de substances nocives (Oeko-Tex Standard 100 - certification). Chaque vêtement est fait en vertu d'un processus manuel teinté avec des colorants à base d'eau et amicales avec l'environnement . Notre système d'impression est un processus unique qui permet d'imprimer directement sur les fibres des produits afin d'assurer réalisme et durabilité dans les couleurs . Merci à cela, nos vêtements peut être repassé sans perdre les propriétés.</p>
<div style=""text-align: left;""> </div>
<div style=""text-align: left;""> </div>
<br />
<div style=""text-align: left;""><strong>Caractéristiques:</strong></div>
<div style=""text-align: left;""> </div>
<br />
<div>
<ul>
<li style=""text-align: left;"">100% coton premium</li>
<li style=""text-align: left;"">Pré - lavé, toujours garde les propriétés</li>
<li style=""text-align: left;"">Couleurs et Dessins, réalistes</li>
<li style=""text-align: left;"">Colorants à base d'eau</li>
<li style=""text-align: left;"">Libre de substances nocives (Certificación Oeko-Tex Standard 100)</li>
<li style=""text-align: left;"">Respectueux avec la durabilité environnementale</li>
</ul>
</div>
</div>
<p> </p>
<div style=""text-align: center;""> </div>",,Paris View Coussin,"Vêtements full-printing imprimés en 3D. T-shirts, sweatshirts, chaussettes, débardeur, accessoires et bien plus encore. Tous imprimés sur coton 100% avec des dessins hyperréalistes.",paris-view-coussin
1745,Strawberries Coussin,"<div style=""text-align: center;"">
<p style=""text-align: left;"">Nos vêtements ne rétrécissent pas et les coleurs disparaissent jamais. Nous utilisons des colorants naturels complètement exempt de substances nocives (Oeko-Tex Standard 100 - certification). Chaque vêtement est fait en vertu d'un processus manuel teinté avec des colorants à base d'eau et amicales avec l'environnement . Notre système d'impression est un processus unique qui permet d'imprimer directement sur les fibres des produits afin d'assurer réalisme et durabilité dans les couleurs . Merci à cela, nos vêtements peut être repassé sans perdre les propriétés.</p>
<div style=""text-align: left;""> </div>
<div style=""text-align: left;""> </div>
<br />
<div style=""text-align: left;""><strong>Caractéristiques:</strong></div>
<div style=""text-align: left;""> </div>
<br />
<div>
<ul>
<li style=""text-align: left;"">100% coton premium</li>
<li style=""text-align: left;"">Pré - lavé, toujours garde les propriétés</li>
<li style=""text-align: left;"">Couleurs et Dessins, réalistes</li>
<li style=""text-align: left;"">Colorants à base d'eau</li>
<li style=""text-align: left;"">Libre de substances nocives (Certificación Oeko-Tex Standard 100)</li>
<li style=""text-align: left;"">Respectueux avec la durabilité environnementale</li>
</ul>
</div>
</div>
<p> </p>
<div style=""text-align: center;""> </div>",,Strawberries Coussin,"Vêtements full-printing imprimés en 3D. T-shirts, sweatshirts, chaussettes, débardeur, accessoires et bien plus encore. Tous imprimés sur coton 100% avec des dessins hyperréalistes.",strawberries-coussin
1746,Silly Toons Coussin,"<div style=""text-align: center;"">
<p style=""text-align: left;"">Nos vêtements ne rétrécissent pas et les coleurs disparaissent jamais. Nous utilisons des colorants naturels complètement exempt de substances nocives (Oeko-Tex Standard 100 - certification). Chaque vêtement est fait en vertu d'un processus manuel teinté avec des colorants à base d'eau et amicales avec l'environnement . Notre système d'impression est un processus unique qui permet d'imprimer directement sur les fibres des produits afin d'assurer réalisme et durabilité dans les couleurs . Merci à cela, nos vêtements peut être repassé sans perdre les propriétés.</p>
<div style=""text-align: left;""> </div>
<div style=""text-align: left;""> </div>
<br />
<div style=""text-align: left;""><strong>Caractéristiques:</strong></div>
<div style=""text-align: left;""> </div>
<br />
<div>
<ul>
<li style=""text-align: left;"">100% coton premium</li>
<li style=""text-align: left;"">Pré - lavé, toujours garde les propriétés</li>
<li style=""text-align: left;"">Couleurs et Dessins, réalistes</li>
<li style=""text-align: left;"">Colorants à base d'eau</li>
<li style=""text-align: left;"">Libre de substances nocives (Certificación Oeko-Tex Standard 100)</li>
<li style=""text-align: left;"">Respectueux avec la durabilité environnementale</li>
</ul>
</div>
</div>
<p> </p>
<div style=""text-align: center;""> </div>",,Silly Toons Coussin,"Vêtements full-printing imprimés en 3D. T-shirts, sweatshirts, chaussettes, débardeur, accessoires et bien plus encore. Tous imprimés sur coton 100% avec des dessins hyperréalistes.",silly-toons-coussin
1747,Eagle Eye Coussin,"<div style=""text-align: center;"">
<p style=""text-align: left;"">Nos vêtements ne rétrécissent pas et les coleurs disparaissent jamais. Nous utilisons des colorants naturels complètement exempt de substances nocives (Oeko-Tex Standard 100 - certification). Chaque vêtement est fait en vertu d'un processus manuel teinté avec des colorants à base d'eau et amicales avec l'environnement . Notre système d'impression est un processus unique qui permet d'imprimer directement sur les fibres des produits afin d'assurer réalisme et durabilité dans les couleurs . Merci à cela, nos vêtements peut être repassé sans perdre les propriétés.</p>
<div style=""text-align: left;""> </div>
<div style=""text-align: left;""> </div>
<br />
<div style=""text-align: left;""><strong>Caractéristiques:</strong></div>
<div style=""text-align: left;""> </div>
<br />
<div>
<ul>
<li style=""text-align: left;"">100% coton premium</li>
<li style=""text-align: left;"">Pré - lavé, toujours garde les propriétés</li>
<li style=""text-align: left;"">Couleurs et Dessins, réalistes</li>
<li style=""text-align: left;"">Colorants à base d'eau</li>
<li style=""text-align: left;"">Libre de substances nocives (Certificación Oeko-Tex Standard 100)</li>
<li style=""text-align: left;"">Respectueux avec la durabilité environnementale</li>
</ul>
</div>
</div>
<p> </p>
<div style=""text-align: center;""> </div>",,Eagle Eye Coussin,"Vêtements full-printing imprimés en 3D. T-shirts, sweatshirts, chaussettes, débardeur, accessoires et bien plus encore. Tous imprimés sur coton 100% avec des dessins hyperréalistes.",eagle-eye-coussin
1748,City Buildings Coussin,"<div style=""text-align: center;"">
<p style=""text-align: left;"">Nos vêtements ne rétrécissent pas et les coleurs disparaissent jamais. Nous utilisons des colorants naturels complètement exempt de substances nocives (Oeko-Tex Standard 100 - certification). Chaque vêtement est fait en vertu d'un processus manuel teinté avec des colorants à base d'eau et amicales avec l'environnement . Notre système d'impression est un processus unique qui permet d'imprimer directement sur les fibres des produits afin d'assurer réalisme et durabilité dans les couleurs . Merci à cela, nos vêtements peut être repassé sans perdre les propriétés.</p>
<div style=""text-align: left;""> </div>
<div style=""text-align: left;""> </div>
<br />
<div style=""text-align: left;""><strong>Caractéristiques:</strong></div>
<div style=""text-align: left;""> </div>
<br />
<div>
<ul>
<li style=""text-align: left;"">100% coton premium</li>
<li style=""text-align: left;"">Pré - lavé, toujours garde les propriétés</li>
<li style=""text-align: left;"">Couleurs et Dessins, réalistes</li>
<li style=""text-align: left;"">Colorants à base d'eau</li>
<li style=""text-align: left;"">Libre de substances nocives (Certificación Oeko-Tex Standard 100)</li>
<li style=""text-align: left;"">Respectueux avec la durabilité environnementale</li>
</ul>
</div>
</div>
<p> </p>
<div style=""text-align: center;""> </div>",,City Buildings Coussin,"Vêtements full-printing imprimés en 3D. T-shirts, sweatshirts, chaussettes, débardeur, accessoires et bien plus encore. Tous imprimés sur coton 100% avec des dessins hyperréalistes.",city-buildings-coussin
1749,Dog Snout Coussin,"<div style=""text-align: center;"">
<p style=""text-align: left;"">Nos vêtements ne rétrécissent pas et les coleurs disparaissent jamais. Nous utilisons des colorants naturels complètement exempt de substances nocives (Oeko-Tex Standard 100 - certification). Chaque vêtement est fait en vertu d'un processus manuel teinté avec des colorants à base d'eau et amicales avec l'environnement . Notre système d'impression est un processus unique qui permet d'imprimer directement sur les fibres des produits afin d'assurer réalisme et durabilité dans les couleurs . Merci à cela, nos vêtements peut être repassé sans perdre les propriétés.</p>
<div style=""text-align: left;""> </div>
<div style=""text-align: left;""> </div>
<br />
<div style=""text-align: left;""><strong>Caractéristiques:</strong></div>
<div style=""text-align: left;""> </div>
<br />
<div>
<ul>
<li style=""text-align: left;"">100% coton premium</li>
<li style=""text-align: left;"">Pré - lavé, toujours garde les propriétés</li>
<li style=""text-align: left;"">Couleurs et Dessins, réalistes</li>
<li style=""text-align: left;"">Colorants à base d'eau</li>
<li style=""text-align: left;"">Libre de substances nocives (Certificación Oeko-Tex Standard 100)</li>
<li style=""text-align: left;"">Respectueux avec la durabilité environnementale</li>
</ul>
</div>
</div>
<p> </p>
<div style=""text-align: center;""> </div>",,Dog Snout Coussin,"Vêtements full-printing imprimés en 3D. T-shirts, sweatshirts, chaussettes, débardeur, accessoires et bien plus encore. Tous imprimés sur coton 100% avec des dessins hyperréalistes.",dog-snout-coussin
1750,Zebra Texture Coussin,"<div style=""text-align: center;"">
<p style=""text-align: left;"">Nos vêtements ne rétrécissent pas et les coleurs disparaissent jamais. Nous utilisons des colorants naturels complètement exempt de substances nocives (Oeko-Tex Standard 100 - certification). Chaque vêtement est fait en vertu d'un processus manuel teinté avec des colorants à base d'eau et amicales avec l'environnement . Notre système d'impression est un processus unique qui permet d'imprimer directement sur les fibres des produits afin d'assurer réalisme et durabilité dans les couleurs . Merci à cela, nos vêtements peut être repassé sans perdre les propriétés.</p>
<div style=""text-align: left;""> </div>
<div style=""text-align: left;""> </div>
<br />
<div style=""text-align: left;""><strong>Caractéristiques:</strong></div>
<div style=""text-align: left;""> </div>
<br />
<div>
<ul>
<li style=""text-align: left;"">100% coton premium</li>
<li style=""text-align: left;"">Pré - lavé, toujours garde les propriétés</li>
<li style=""text-align: left;"">Couleurs et Dessins, réalistes</li>
<li style=""text-align: left;"">Colorants à base d'eau</li>
<li style=""text-align: left;"">Libre de substances nocives (Certificación Oeko-Tex Standard 100)</li>
<li style=""text-align: left;"">Respectueux avec la durabilité environnementale</li>
</ul>
</div>
</div>
<p> </p>
<div style=""text-align: center;""> </div>",,Zebra Texture Coussin,"Vêtements full-printing imprimés en 3D. T-shirts, sweatshirts, chaussettes, débardeur, accessoires et bien plus encore. Tous imprimés sur coton 100% avec des dessins hyperréalistes.",zebra-texture-coussin
1751,Snake Eye Coussin,"<div style=""text-align: center;"">
<p style=""text-align: left;"">Nos vêtements ne rétrécissent pas et les coleurs disparaissent jamais. Nous utilisons des colorants naturels complètement exempt de substances nocives (Oeko-Tex Standard 100 - certification). Chaque vêtement est fait en vertu d'un processus manuel teinté avec des colorants à base d'eau et amicales avec l'environnement . Notre système d'impression est un processus unique qui permet d'imprimer directement sur les fibres des produits afin d'assurer réalisme et durabilité dans les couleurs . Merci à cela, nos vêtements peut être repassé sans perdre les propriétés.</p>
<div style=""text-align: left;""> </div>
<div style=""text-align: left;""> </div>
<br />
<div style=""text-align: left;""><strong>Caractéristiques:</strong></div>
<div style=""text-align: left;""> </div>
<br />
<div>
<ul>
<li style=""text-align: left;"">100% coton premium</li>
<li style=""text-align: left;"">Pré - lavé, toujours garde les propriétés</li>
<li style=""text-align: left;"">Couleurs et Dessins, réalistes</li>
<li style=""text-align: left;"">Colorants à base d'eau</li>
<li style=""text-align: left;"">Libre de substances nocives (Certificación Oeko-Tex Standard 100)</li>
<li style=""text-align: left;"">Respectueux avec la durabilité environnementale</li>
</ul>
</div>
</div>
<p> </p>
<div style=""text-align: center;""> </div>",,Snake Eye Coussin,"Vêtements full-printing imprimés en 3D. T-shirts, sweatshirts, chaussettes, débardeur, accessoires et bien plus encore. Tous imprimés sur coton 100% avec des dessins hyperréalistes.",snake-eye-coussin
1752,Sunshine Forest Coussin,"<div style=""text-align: center;"">
<p style=""text-align: left;"">Nos vêtements ne rétrécissent pas et les coleurs disparaissent jamais. Nous utilisons des colorants naturels complètement exempt de substances nocives (Oeko-Tex Standard 100 - certification). Chaque vêtement est fait en vertu d'un processus manuel teinté avec des colorants à base d'eau et amicales avec l'environnement . Notre système d'impression est un processus unique qui permet d'imprimer directement sur les fibres des produits afin d'assurer réalisme et durabilité dans les couleurs . Merci à cela, nos vêtements peut être repassé sans perdre les propriétés.</p>
<div style=""text-align: left;""> </div>
<div style=""text-align: left;""> </div>
<br />
<div style=""text-align: left;""><strong>Caractéristiques:</strong></div>
<div style=""text-align: left;""> </div>
<br />
<div>
<ul>
<li style=""text-align: left;"">100% coton premium</li>
<li style=""text-align: left;"">Pré - lavé, toujours garde les propriétés</li>
<li style=""text-align: left;"">Couleurs et Dessins, réalistes</li>
<li style=""text-align: left;"">Colorants à base d'eau</li>
<li style=""text-align: left;"">Libre de substances nocives (Certificación Oeko-Tex Standard 100)</li>
<li style=""text-align: left;"">Respectueux avec la durabilité environnementale</li>
</ul>
</div>
</div>
<p> </p>
<div style=""text-align: center;""> </div>",,Sunshine Forest Coussin,"Vêtements full-printing imprimés en 3D. T-shirts, sweatshirts, chaussettes, débardeur, accessoires et bien plus encore. Tous imprimés sur coton 100% avec des dessins hyperréalistes.",sunshine-forest-coussin
1753,Giraffes Coussin,"<div style=""text-align: center;"">
<p style=""text-align: left;"">Nos vêtements ne rétrécissent pas et les coleurs disparaissent jamais. Nous utilisons des colorants naturels complètement exempt de substances nocives (Oeko-Tex Standard 100 - certification). Chaque vêtement est fait en vertu d'un processus manuel teinté avec des colorants à base d'eau et amicales avec l'environnement . Notre système d'impression est un processus unique qui permet d'imprimer directement sur les fibres des produits afin d'assurer réalisme et durabilité dans les couleurs . Merci à cela, nos vêtements peut être repassé sans perdre les propriétés.</p>
<div style=""text-align: left;""> </div>
<div style=""text-align: left;""> </div>
<br />
<div style=""text-align: left;""><strong>Caractéristiques:</strong></div>
<div style=""text-align: left;""> </div>
<br />
<div>
<ul>
<li style=""text-align: left;"">100% coton premium</li>
<li style=""text-align: left;"">Pré - lavé, toujours garde les propriétés</li>
<li style=""text-align: left;"">Couleurs et Dessins, réalistes</li>
<li style=""text-align: left;"">Colorants à base d'eau</li>
<li style=""text-align: left;"">Libre de substances nocives (Certificación Oeko-Tex Standard 100)</li>
<li style=""text-align: left;"">Respectueux avec la durabilité environnementale</li>
</ul>
</div>
</div>
<p> </p>
<div style=""text-align: center;""> </div>",,Giraffes Coussin,"Vêtements full-printing imprimés en 3D. T-shirts, sweatshirts, chaussettes, débardeur, accessoires et bien plus encore. Tous imprimés sur coton 100% avec des dessins hyperréalistes.",giraffes-coussin
1754,Classic Car Coussin,"<div style=""text-align: center;"">
<p style=""text-align: left;"">Nos vêtements ne rétrécissent pas et les coleurs disparaissent jamais. Nous utilisons des colorants naturels complètement exempt de substances nocives (Oeko-Tex Standard 100 - certification). Chaque vêtement est fait en vertu d'un processus manuel teinté avec des colorants à base d'eau et amicales avec l'environnement . Notre système d'impression est un processus unique qui permet d'imprimer directement sur les fibres des produits afin d'assurer réalisme et durabilité dans les couleurs . Merci à cela, nos vêtements peut être repassé sans perdre les propriétés.</p>
<div style=""text-align: left;""> </div>
<div style=""text-align: left;""> </div>
<br />
<div style=""text-align: left;""><strong>Caractéristiques:</strong></div>
<div style=""text-align: left;""> </div>
<br />
<div>
<ul>
<li style=""text-align: left;"">100% coton premium</li>
<li style=""text-align: left;"">Pré - lavé, toujours garde les propriétés</li>
<li style=""text-align: left;"">Couleurs et Dessins, réalistes</li>
<li style=""text-align: left;"">Colorants à base d'eau</li>
<li style=""text-align: left;"">Libre de substances nocives (Certificación Oeko-Tex Standard 100)</li>
<li style=""text-align: left;"">Respectueux avec la durabilité environnementale</li>
</ul>
</div>
</div>
<p> </p>
<div style=""text-align: center;""> </div>",,Classic Car Coussin,"Vêtements full-printing imprimés en 3D. T-shirts, sweatshirts, chaussettes, débardeur, accessoires et bien plus encore. Tous imprimés sur coton 100% avec des dessins hyperréalistes.",classic-car-coussin
1755,Black Squares Housse de couette,"<div style=""text-align: center;"">
<p style=""text-align: left;"">Nos vêtements ne rétrécissent pas et les coleurs disparaissent jamais. Nous utilisons des colorants naturels complètement exempt de substances nocives (Oeko-Tex Standard 100 - certification). Chaque vêtement est fait en vertu d'un processus manuel teinté avec des colorants à base d'eau et amicales avec l'environnement . Notre système d'impression est un processus unique qui permet d'imprimer directement sur les fibres des produits afin d'assurer réalisme et durabilité dans les couleurs . Merci à cela, nos vêtements peut être repassé sans perdre les propriétés.</p>
<div style=""text-align: left;""> </div>
<div style=""text-align: left;""> </div>
<br />
<div style=""text-align: left;""><strong>Caractéristiques:</strong></div>
<div style=""text-align: left;""> </div>
<br />
<div>
<ul>
<li style=""text-align: left;"">100% coton premium</li>
<li style=""text-align: left;"">Pré - lavé, toujours garde les propriétés</li>
<li style=""text-align: left;"">Couleurs et Dessins, réalistes</li>
<li style=""text-align: left;"">Colorants à base d'eau</li>
<li style=""text-align: left;"">Libre de substances nocives (Certificación Oeko-Tex Standard 100)</li>
<li style=""text-align: left;"">Respectueux avec la durabilité environnementale</li>
</ul>
</div>
</div>
<p> </p>
<div style=""text-align: center;""> </div>",,Black Squares Housse de couette,"Vêtements full-printing imprimés en 3D. T-shirts, sweatshirts, chaussettes, débardeur, accessoires et bien plus encore. Tous imprimés sur coton 100% avec des dessins hyperréalistes.",black-squares-housse-de-couette
1756,NY City Housse de couette,"<div style=""text-align: center;"">
<p style=""text-align: left;"">Nos vêtements ne rétrécissent pas et les coleurs disparaissent jamais. Nous utilisons des colorants naturels complètement exempt de substances nocives (Oeko-Tex Standard 100 - certification). Chaque vêtement est fait en vertu d'un processus manuel teinté avec des colorants à base d'eau et amicales avec l'environnement . Notre système d'impression est un processus unique qui permet d'imprimer directement sur les fibres des produits afin d'assurer réalisme et durabilité dans les couleurs . Merci à cela, nos vêtements peut être repassé sans perdre les propriétés.</p>
<div style=""text-align: left;""> </div>
<div style=""text-align: left;""> </div>
<br />
<div style=""text-align: left;""><strong>Caractéristiques:</strong></div>
<div style=""text-align: left;""> </div>
<br />
<div>
<ul>
<li style=""text-align: left;"">100% coton premium</li>
<li style=""text-align: left;"">Pré - lavé, toujours garde les propriétés</li>
<li style=""text-align: left;"">Couleurs et Dessins, réalistes</li>
<li style=""text-align: left;"">Colorants à base d'eau</li>
<li style=""text-align: left;"">Libre de substances nocives (Certificación Oeko-Tex Standard 100)</li>
<li style=""text-align: left;"">Respectueux avec la durabilité environnementale</li>
</ul>
</div>
</div>
<p> </p>
<div style=""text-align: center;""> </div>",,NY City Housse de couette,"Vêtements full-printing imprimés en 3D. T-shirts, sweatshirts, chaussettes, débardeur, accessoires et bien plus encore. Tous imprimés sur coton 100% avec des dessins hyperréalistes.",ny-city-housse-de-couette
1757,Hello Monkey Housse de couette,"<div style=""text-align: center;"">
<p style=""text-align: left;"">Nos vêtements ne rétrécissent pas et les coleurs disparaissent jamais. Nous utilisons des colorants naturels complètement exempt de substances nocives (Oeko-Tex Standard 100 - certification). Chaque vêtement est fait en vertu d'un processus manuel teinté avec des colorants à base d'eau et amicales avec l'environnement . Notre système d'impression est un processus unique qui permet d'imprimer directement sur les fibres des produits afin d'assurer réalisme et durabilité dans les couleurs . Merci à cela, nos vêtements peut être repassé sans perdre les propriétés.</p>
<div style=""text-align: left;""> </div>
<div style=""text-align: left;""> </div>
<br />
<div style=""text-align: left;""><strong>Caractéristiques:</strong></div>
<div style=""text-align: left;""> </div>
<br />
<div>
<ul>
<li style=""text-align: left;"">100% coton premium</li>
<li style=""text-align: left;"">Pré - lavé, toujours garde les propriétés</li>
<li style=""text-align: left;"">Couleurs et Dessins, réalistes</li>
<li style=""text-align: left;"">Colorants à base d'eau</li>
<li style=""text-align: left;"">Libre de substances nocives (Certificación Oeko-Tex Standard 100)</li>
<li style=""text-align: left;"">Respectueux avec la durabilité environnementale</li>
</ul>
</div>
</div>
<p> </p>
<div style=""text-align: center;""> </div>",,Hello Monkey Housse de couette,"Vêtements full-printing imprimés en 3D. T-shirts, sweatshirts, chaussettes, débardeur, accessoires et bien plus encore. Tous imprimés sur coton 100% avec des dessins hyperréalistes.",hello-monkey-housse-de-couette
1758,Panter Print Housse de couette,"<div style=""text-align: center;"">
<p style=""text-align: left;"">Nos vêtements ne rétrécissent pas et les coleurs disparaissent jamais. Nous utilisons des colorants naturels complètement exempt de substances nocives (Oeko-Tex Standard 100 - certification). Chaque vêtement est fait en vertu d'un processus manuel teinté avec des colorants à base d'eau et amicales avec l'environnement . Notre système d'impression est un processus unique qui permet d'imprimer directement sur les fibres des produits afin d'assurer réalisme et durabilité dans les couleurs . Merci à cela, nos vêtements peut être repassé sans perdre les propriétés.</p>
<div style=""text-align: left;""> </div>
<div style=""text-align: left;""> </div>
<br />
<div style=""text-align: left;""><strong>Caractéristiques:</strong></div>
<div style=""text-align: left;""> </div>
<br />
<div>
<ul>
<li style=""text-align: left;"">100% coton premium</li>
<li style=""text-align: left;"">Pré - lavé, toujours garde les propriétés</li>
<li style=""text-align: left;"">Couleurs et Dessins, réalistes</li>
<li style=""text-align: left;"">Colorants à base d'eau</li>
<li style=""text-align: left;"">Libre de substances nocives (Certificación Oeko-Tex Standard 100)</li>
<li style=""text-align: left;"">Respectueux avec la durabilité environnementale</li>
</ul>
</div>
</div>
<p> </p>
<div style=""text-align: center;""> </div>",,Panter Print Housse de couette,"Vêtements full-printing imprimés en 3D. T-shirts, sweatshirts, chaussettes, débardeur, accessoires et bien plus encore. Tous imprimés sur coton 100% avec des dessins hyperréalistes.",panter-print-housse-de-couette
1759,Fresh Sushi Housse de couette,"<div style=""text-align: center;"">
<p style=""text-align: left;"">Nos vêtements ne rétrécissent pas et les coleurs disparaissent jamais. Nous utilisons des colorants naturels complètement exempt de substances nocives (Oeko-Tex Standard 100 - certification). Chaque vêtement est fait en vertu d'un processus manuel teinté avec des colorants à base d'eau et amicales avec l'environnement . Notre système d'impression est un processus unique qui permet d'imprimer directement sur les fibres des produits afin d'assurer réalisme et durabilité dans les couleurs . Merci à cela, nos vêtements peut être repassé sans perdre les propriétés.</p>
<div style=""text-align: left;""> </div>
<div style=""text-align: left;""> </div>
<br />
<div style=""text-align: left;""><strong>Caractéristiques:</strong></div>
<div style=""text-align: left;""> </div>
<br />
<div>
<ul>
<li style=""text-align: left;"">100% coton premium</li>
<li style=""text-align: left;"">Pré - lavé, toujours garde les propriétés</li>
<li style=""text-align: left;"">Couleurs et Dessins, réalistes</li>
<li style=""text-align: left;"">Colorants à base d'eau</li>
<li style=""text-align: left;"">Libre de substances nocives (Certificación Oeko-Tex Standard 100)</li>
<li style=""text-align: left;"">Respectueux avec la durabilité environnementale</li>
</ul>
</div>
</div>
<p> </p>
<div style=""text-align: center;""> </div>",,Fresh Sushi Housse de couette,"Vêtements full-printing imprimés en 3D. T-shirts, sweatshirts, chaussettes, débardeur, accessoires et bien plus encore. Tous imprimés sur coton 100% avec des dessins hyperréalistes.",fresh-sushi-housse-de-couette
1760,Spicy Chili Housse de couette,"<div style=""text-align: center;"">
<p style=""text-align: left;"">Nos vêtements ne rétrécissent pas et les coleurs disparaissent jamais. Nous utilisons des colorants naturels complètement exempt de substances nocives (Oeko-Tex Standard 100 - certification). Chaque vêtement est fait en vertu d'un processus manuel teinté avec des colorants à base d'eau et amicales avec l'environnement . Notre système d'impression est un processus unique qui permet d'imprimer directement sur les fibres des produits afin d'assurer réalisme et durabilité dans les couleurs . Merci à cela, nos vêtements peut être repassé sans perdre les propriétés.</p>
<div style=""text-align: left;""> </div>
<div style=""text-align: left;""> </div>
<br />
<div style=""text-align: left;""><strong>Caractéristiques:</strong></div>
<div style=""text-align: left;""> </div>
<br />
<div>
<ul>
<li style=""text-align: left;"">100% coton premium</li>
<li style=""text-align: left;"">Pré - lavé, toujours garde les propriétés</li>
<li style=""text-align: left;"">Couleurs et Dessins, réalistes</li>
<li style=""text-align: left;"">Colorants à base d'eau</li>
<li style=""text-align: left;"">Libre de substances nocives (Certificación Oeko-Tex Standard 100)</li>
<li style=""text-align: left;"">Respectueux avec la durabilité environnementale</li>
</ul>
</div>
</div>
<p> </p>
<div style=""text-align: center;""> </div>",,Spicy Chili Housse de couette,"Vêtements full-printing imprimés en 3D. T-shirts, sweatshirts, chaussettes, débardeur, accessoires et bien plus encore. Tous imprimés sur coton 100% avec des dessins hyperréalistes.",spicy-chili-housse-de-couette
1761,Old News Papper Housse de couette,"<div style=""text-align: center;"">
<p style=""text-align: left;"">Nos vêtements ne rétrécissent pas et les coleurs disparaissent jamais. Nous utilisons des colorants naturels complètement exempt de substances nocives (Oeko-Tex Standard 100 - certification). Chaque vêtement est fait en vertu d'un processus manuel teinté avec des colorants à base d'eau et amicales avec l'environnement . Notre système d'impression est un processus unique qui permet d'imprimer directement sur les fibres des produits afin d'assurer réalisme et durabilité dans les couleurs . Merci à cela, nos vêtements peut être repassé sans perdre les propriétés.</p>
<div style=""text-align: left;""> </div>
<div style=""text-align: left;""> </div>
<br />
<div style=""text-align: left;""><strong>Caractéristiques:</strong></div>
<div style=""text-align: left;""> </div>
<br />
<div>
<ul>
<li style=""text-align: left;"">100% coton premium</li>
<li style=""text-align: left;"">Pré - lavé, toujours garde les propriétés</li>
<li style=""text-align: left;"">Couleurs et Dessins, réalistes</li>
<li style=""text-align: left;"">Colorants à base d'eau</li>
<li style=""text-align: left;"">Libre de substances nocives (Certificación Oeko-Tex Standard 100)</li>
<li style=""text-align: left;"">Respectueux avec la durabilité environnementale</li>
</ul>
</div>
</div>
<p> </p>
<div style=""text-align: center;""> </div>",,Old News Papper Housse de couette,"Vêtements full-printing imprimés en 3D. T-shirts, sweatshirts, chaussettes, débardeur, accessoires et bien plus encore. Tous imprimés sur coton 100% avec des dessins hyperréalistes.",old-news-papper-housse-de-couette
1762,Paint Cylinders Housse de couette,"<div style=""text-align: center;"">
<p style=""text-align: left;"">Nos vêtements ne rétrécissent pas et les coleurs disparaissent jamais. Nous utilisons des colorants naturels complètement exempt de substances nocives (Oeko-Tex Standard 100 - certification). Chaque vêtement est fait en vertu d'un processus manuel teinté avec des colorants à base d'eau et amicales avec l'environnement . Notre système d'impression est un processus unique qui permet d'imprimer directement sur les fibres des produits afin d'assurer réalisme et durabilité dans les couleurs . Merci à cela, nos vêtements peut être repassé sans perdre les propriétés.</p>
<div style=""text-align: left;""> </div>
<div style=""text-align: left;""> </div>
<br />
<div style=""text-align: left;""><strong>Caractéristiques:</strong></div>
<div style=""text-align: left;""> </div>
<br />
<div>
<ul>
<li style=""text-align: left;"">100% coton premium</li>
<li style=""text-align: left;"">Pré - lavé, toujours garde les propriétés</li>
<li style=""text-align: left;"">Couleurs et Dessins, réalistes</li>
<li style=""text-align: left;"">Colorants à base d'eau</li>
<li style=""text-align: left;"">Libre de substances nocives (Certificación Oeko-Tex Standard 100)</li>
<li style=""text-align: left;"">Respectueux avec la durabilité environnementale</li>
</ul>
</div>
</div>
<p> </p>
<div style=""text-align: center;""> </div>",,Paint Cylinders Housse de couette,"Vêtements full-printing imprimés en 3D. T-shirts, sweatshirts, chaussettes, débardeur, accessoires et bien plus encore. Tous imprimés sur coton 100% avec des dessins hyperréalistes.",paint-cylinders-housse-de-couette
1763,Vintage Mapamundi Housse de couette,"<div style=""text-align: center;"">
<p style=""text-align: left;"">Nos vêtements ne rétrécissent pas et les coleurs disparaissent jamais. Nous utilisons des colorants naturels complètement exempt de substances nocives (Oeko-Tex Standard 100 - certification). Chaque vêtement est fait en vertu d'un processus manuel teinté avec des colorants à base d'eau et amicales avec l'environnement . Notre système d'impression est un processus unique qui permet d'imprimer directement sur les fibres des produits afin d'assurer réalisme et durabilité dans les couleurs . Merci à cela, nos vêtements peut être repassé sans perdre les propriétés.</p>
<div style=""text-align: left;""> </div>
<div style=""text-align: left;""> </div>
<br />
<div style=""text-align: left;""><strong>Caractéristiques:</strong></div>
<div style=""text-align: left;""> </div>
<br />
<div>
<ul>
<li style=""text-align: left;"">100% coton premium</li>
<li style=""text-align: left;"">Pré - lavé, toujours garde les propriétés</li>
<li style=""text-align: left;"">Couleurs et Dessins, réalistes</li>
<li style=""text-align: left;"">Colorants à base d'eau</li>
<li style=""text-align: left;"">Libre de substances nocives (Certificación Oeko-Tex Standard 100)</li>
<li style=""text-align: left;"">Respectueux avec la durabilité environnementale</li>
</ul>
</div>
</div>
<p> </p>
<div style=""text-align: center;""> </div>",,Vintage Mapamundi Housse de couette,"Vêtements full-printing imprimés en 3D. T-shirts, sweatshirts, chaussettes, débardeur, accessoires et bien plus encore. Tous imprimés sur coton 100% avec des dessins hyperréalistes.",vintage-mapamundi-housse-de-couette
1764,Dog Snout Housse de couette,"<div style=""text-align: center;"">
<p style=""text-align: left;"">Nos vêtements ne rétrécissent pas et les coleurs disparaissent jamais. Nous utilisons des colorants naturels complètement exempt de substances nocives (Oeko-Tex Standard 100 - certification). Chaque vêtement est fait en vertu d'un processus manuel teinté avec des colorants à base d'eau et amicales avec l'environnement . Notre système d'impression est un processus unique qui permet d'imprimer directement sur les fibres des produits afin d'assurer réalisme et durabilité dans les couleurs . Merci à cela, nos vêtements peut être repassé sans perdre les propriétés.</p>
<div style=""text-align: left;""> </div>
<div style=""text-align: left;""> </div>
<br />
<div style=""text-align: left;""><strong>Caractéristiques:</strong></div>
<div style=""text-align: left;""> </div>
<br />
<div>
<ul>
<li style=""text-align: left;"">100% coton premium</li>
<li style=""text-align: left;"">Pré - lavé, toujours garde les propriétés</li>
<li style=""text-align: left;"">Couleurs et Dessins, réalistes</li>
<li style=""text-align: left;"">Colorants à base d'eau</li>
<li style=""text-align: left;"">Libre de substances nocives (Certificación Oeko-Tex Standard 100)</li>
<li style=""text-align: left;"">Respectueux avec la durabilité environnementale</li>
</ul>
</div>
</div>
<p> </p>
<div style=""text-align: center;""> </div>",,Dog Snout Housse de couette,"Vêtements full-printing imprimés en 3D. T-shirts, sweatshirts, chaussettes, débardeur, accessoires et bien plus encore. Tous imprimés sur coton 100% avec des dessins hyperréalistes.",dog-snout-housse-de-couette
1765,Alphabet Housse de couette,"<div style=""text-align: center;"">
<p style=""text-align: left;"">Nos vêtements ne rétrécissent pas et les coleurs disparaissent jamais. Nous utilisons des colorants naturels complètement exempt de substances nocives (Oeko-Tex Standard 100 - certification). Chaque vêtement est fait en vertu d'un processus manuel teinté avec des colorants à base d'eau et amicales avec l'environnement . Notre système d'impression est un processus unique qui permet d'imprimer directement sur les fibres des produits afin d'assurer réalisme et durabilité dans les couleurs . Merci à cela, nos vêtements peut être repassé sans perdre les propriétés.</p>
<div style=""text-align: left;""> </div>
<div style=""text-align: left;""> </div>
<br />
<div style=""text-align: left;""><strong>Caractéristiques:</strong></div>
<div style=""text-align: left;""> </div>
<br />
<div>
<ul>
<li style=""text-align: left;"">100% coton premium</li>
<li style=""text-align: left;"">Pré - lavé, toujours garde les propriétés</li>
<li style=""text-align: left;"">Couleurs et Dessins, réalistes</li>
<li style=""text-align: left;"">Colorants à base d'eau</li>
<li style=""text-align: left;"">Libre de substances nocives (Certificación Oeko-Tex Standard 100)</li>
<li style=""text-align: left;"">Respectueux avec la durabilité environnementale</li>
</ul>
</div>
</div>
<p> </p>
<div style=""text-align: center;""> </div>",,Alphabet Housse de couette,"Vêtements full-printing imprimés en 3D. T-shirts, sweatshirts, chaussettes, débardeur, accessoires et bien plus encore. Tous imprimés sur coton 100% avec des dessins hyperréalistes.",alphabet-housse-de-couette
1766,Lego Texture Housse de couette,"<div style=""text-align: center;"">
<p style=""text-align: left;"">Nos vêtements ne rétrécissent pas et les coleurs disparaissent jamais. Nous utilisons des colorants naturels complètement exempt de substances nocives (Oeko-Tex Standard 100 - certification). Chaque vêtement est fait en vertu d'un processus manuel teinté avec des colorants à base d'eau et amicales avec l'environnement . Notre système d'impression est un processus unique qui permet d'imprimer directement sur les fibres des produits afin d'assurer réalisme et durabilité dans les couleurs . Merci à cela, nos vêtements peut être repassé sans perdre les propriétés.</p>
<div style=""text-align: left;""> </div>
<div style=""text-align: left;""> </div>
<br />
<div style=""text-align: left;""><strong>Caractéristiques:</strong></div>
<div style=""text-align: left;""> </div>
<br />
<div>
<ul>
<li style=""text-align: left;"">100% coton premium</li>
<li style=""text-align: left;"">Pré - lavé, toujours garde les propriétés</li>
<li style=""text-align: left;"">Couleurs et Dessins, réalistes</li>
<li style=""text-align: left;"">Colorants à base d'eau</li>
<li style=""text-align: left;"">Libre de substances nocives (Certificación Oeko-Tex Standard 100)</li>
<li style=""text-align: left;"">Respectueux avec la durabilité environnementale</li>
</ul>
</div>
</div>
<p> </p>
<div style=""text-align: center;""> </div>",,Lego Texture Housse de couette,"Vêtements full-printing imprimés en 3D. T-shirts, sweatshirts, chaussettes, débardeur, accessoires et bien plus encore. Tous imprimés sur coton 100% avec des dessins hyperréalistes.",lego-texture-housse-de-couette
1767,Captian Monkey Housse de couette,"<div style=""text-align: center;"">
<p style=""text-align: left;"">Nos vêtements ne rétrécissent pas et les coleurs disparaissent jamais. Nous utilisons des colorants naturels complètement exempt de substances nocives (Oeko-Tex Standard 100 - certification). Chaque vêtement est fait en vertu d'un processus manuel teinté avec des colorants à base d'eau et amicales avec l'environnement . Notre système d'impression est un processus unique qui permet d'imprimer directement sur les fibres des produits afin d'assurer réalisme et durabilité dans les couleurs . Merci à cela, nos vêtements peut être repassé sans perdre les propriétés.</p>
<div style=""text-align: left;""> </div>
<div style=""text-align: left;""> </div>
<br />
<div style=""text-align: left;""><strong>Caractéristiques:</strong></div>
<div style=""text-align: left;""> </div>
<br />
<div>
<ul>
<li style=""text-align: left;"">100% coton premium</li>
<li style=""text-align: left;"">Pré - lavé, toujours garde les propriétés</li>
<li style=""text-align: left;"">Couleurs et Dessins, réalistes</li>
<li style=""text-align: left;"">Colorants à base d'eau</li>
<li style=""text-align: left;"">Libre de substances nocives (Certificación Oeko-Tex Standard 100)</li>
<li style=""text-align: left;"">Respectueux avec la durabilité environnementale</li>
</ul>
</div>
</div>
<p> </p>
<div style=""text-align: center;""> </div>",,Captian Monkey Housse de couette,"Vêtements full-printing imprimés en 3D. T-shirts, sweatshirts, chaussettes, débardeur, accessoires et bien plus encore. Tous imprimés sur coton 100% avec des dessins hyperréalistes.",captian-monkey-housse-de-couette
1768,Silly Toons Housse de couette,"<div style=""text-align: center;"">
<p style=""text-align: left;"">Nos vêtements ne rétrécissent pas et les coleurs disparaissent jamais. Nous utilisons des colorants naturels complètement exempt de substances nocives (Oeko-Tex Standard 100 - certification). Chaque vêtement est fait en vertu d'un processus manuel teinté avec des colorants à base d'eau et amicales avec l'environnement . Notre système d'impression est un processus unique qui permet d'imprimer directement sur les fibres des produits afin d'assurer réalisme et durabilité dans les couleurs . Merci à cela, nos vêtements peut être repassé sans perdre les propriétés.</p>
<div style=""text-align: left;""> </div>
<div style=""text-align: left;""> </div>
<br />
<div style=""text-align: left;""><strong>Caractéristiques:</strong></div>
<div style=""text-align: left;""> </div>
<br />
<div>
<ul>
<li style=""text-align: left;"">100% coton premium</li>
<li style=""text-align: left;"">Pré - lavé, toujours garde les propriétés</li>
<li style=""text-align: left;"">Couleurs et Dessins, réalistes</li>
<li style=""text-align: left;"">Colorants à base d'eau</li>
<li style=""text-align: left;"">Libre de substances nocives (Certificación Oeko-Tex Standard 100)</li>
<li style=""text-align: left;"">Respectueux avec la durabilité environnementale</li>
</ul>
</div>
</div>
<p> </p>
<div style=""text-align: center;""> </div>",,Silly Toons Housse de couette,"Vêtements full-printing imprimés en 3D. T-shirts, sweatshirts, chaussettes, débardeur, accessoires et bien plus encore. Tous imprimés sur coton 100% avec des dessins hyperréalistes.",silly-toons-housse-de-couette
1769,NY Ads Housse de couette,"<div style=""text-align: center;"">
<p style=""text-align: left;"">Nos vêtements ne rétrécissent pas et les coleurs disparaissent jamais. Nous utilisons des colorants naturels complètement exempt de substances nocives (Oeko-Tex Standard 100 - certification). Chaque vêtement est fait en vertu d'un processus manuel teinté avec des colorants à base d'eau et amicales avec l'environnement . Notre système d'impression est un processus unique qui permet d'imprimer directement sur les fibres des produits afin d'assurer réalisme et durabilité dans les couleurs . Merci à cela, nos vêtements peut être repassé sans perdre les propriétés.</p>
<div style=""text-align: left;""> </div>
<div style=""text-align: left;""> </div>
<br />
<div style=""text-align: left;""><strong>Caractéristiques:</strong></div>
<div style=""text-align: left;""> </div>
<br />
<div>
<ul>
<li style=""text-align: left;"">100% coton premium</li>
<li style=""text-align: left;"">Pré - lavé, toujours garde les propriétés</li>
<li style=""text-align: left;"">Couleurs et Dessins, réalistes</li>
<li style=""text-align: left;"">Colorants à base d'eau</li>
<li style=""text-align: left;"">Libre de substances nocives (Certificación Oeko-Tex Standard 100)</li>
<li style=""text-align: left;"">Respectueux avec la durabilité environnementale</li>
</ul>
</div>
</div>
<p> </p>
<div style=""text-align: center;""> </div>",,NY Ads Housse de couette,"Vêtements full-printing imprimés en 3D. T-shirts, sweatshirts, chaussettes, débardeur, accessoires et bien plus encore. Tous imprimés sur coton 100% avec des dessins hyperréalistes.",ny-ads-housse-de-couette
1770,Marching Monkey Housse de couette,"<div style=""text-align: center;"">
<p style=""text-align: left;"">Nos vêtements ne rétrécissent pas et les coleurs disparaissent jamais. Nous utilisons des colorants naturels complètement exempt de substances nocives (Oeko-Tex Standard 100 - certification). Chaque vêtement est fait en vertu d'un processus manuel teinté avec des colorants à base d'eau et amicales avec l'environnement . Notre système d'impression est un processus unique qui permet d'imprimer directement sur les fibres des produits afin d'assurer réalisme et durabilité dans les couleurs . Merci à cela, nos vêtements peut être repassé sans perdre les propriétés.</p>
<div style=""text-align: left;""> </div>
<div style=""text-align: left;""> </div>
<br />
<div style=""text-align: left;""><strong>Caractéristiques:</strong></div>
<div style=""text-align: left;""> </div>
<br />
<div>
<ul>
<li style=""text-align: left;"">100% coton premium</li>
<li style=""text-align: left;"">Pré - lavé, toujours garde les propriétés</li>
<li style=""text-align: left;"">Couleurs et Dessins, réalistes</li>
<li style=""text-align: left;"">Colorants à base d'eau</li>
<li style=""text-align: left;"">Libre de substances nocives (Certificación Oeko-Tex Standard 100)</li>
<li style=""text-align: left;"">Respectueux avec la durabilité environnementale</li>
</ul>
</div>
</div>
<p> </p>
<div style=""text-align: center;""> </div>",,Marching Monkey Housse de couette,"Vêtements full-printing imprimés en 3D. T-shirts, sweatshirts, chaussettes, débardeur, accessoires et bien plus encore. Tous imprimés sur coton 100% avec des dessins hyperréalistes.",marching-monkey-housse-de-couette
1771,Hello Monster Housse de couette,"<div style=""text-align: center;"">
<p style=""text-align: left;"">Nos vêtements ne rétrécissent pas et les coleurs disparaissent jamais. Nous utilisons des colorants naturels complètement exempt de substances nocives (Oeko-Tex Standard 100 - certification). Chaque vêtement est fait en vertu d'un processus manuel teinté avec des colorants à base d'eau et amicales avec l'environnement . Notre système d'impression est un processus unique qui permet d'imprimer directement sur les fibres des produits afin d'assurer réalisme et durabilité dans les couleurs . Merci à cela, nos vêtements peut être repassé sans perdre les propriétés.</p>
<div style=""text-align: left;""> </div>
<div style=""text-align: left;""> </div>
<br />
<div style=""text-align: left;""><strong>Caractéristiques:</strong></div>
<div style=""text-align: left;""> </div>
<br />
<div>
<ul>
<li style=""text-align: left;"">100% coton premium</li>
<li style=""text-align: left;"">Pré - lavé, toujours garde les propriétés</li>
<li style=""text-align: left;"">Couleurs et Dessins, réalistes</li>
<li style=""text-align: left;"">Colorants à base d'eau</li>
<li style=""text-align: left;"">Libre de substances nocives (Certificación Oeko-Tex Standard 100)</li>
<li style=""text-align: left;"">Respectueux avec la durabilité environnementale</li>
</ul>
</div>
</div>
<p> </p>
<div style=""text-align: center;""> </div>",,Hello Monster Housse de couette,"Vêtements full-printing imprimés en 3D. T-shirts, sweatshirts, chaussettes, débardeur, accessoires et bien plus encore. Tous imprimés sur coton 100% avec des dessins hyperréalistes.",hello-monster-housse-de-couette
1772,Sweet Cupcakes Housse de couette,"<div style=""text-align: center;"">
<p style=""text-align: left;"">Nos vêtements ne rétrécissent pas et les coleurs disparaissent jamais. Nous utilisons des colorants naturels complètement exempt de substances nocives (Oeko-Tex Standard 100 - certification). Chaque vêtement est fait en vertu d'un processus manuel teinté avec des colorants à base d'eau et amicales avec l'environnement . Notre système d'impression est un processus unique qui permet d'imprimer directement sur les fibres des produits afin d'assurer réalisme et durabilité dans les couleurs . Merci à cela, nos vêtements peut être repassé sans perdre les propriétés.</p>
<div style=""text-align: left;""> </div>
<div style=""text-align: left;""> </div>
<br />
<div style=""text-align: left;""><strong>Caractéristiques:</strong></div>
<div style=""text-align: left;""> </div>
<br />
<div>
<ul>
<li style=""text-align: left;"">100% coton premium</li>
<li style=""text-align: left;"">Pré - lavé, toujours garde les propriétés</li>
<li style=""text-align: left;"">Couleurs et Dessins, réalistes</li>
<li style=""text-align: left;"">Colorants à base d'eau</li>
<li style=""text-align: left;"">Libre de substances nocives (Certificación Oeko-Tex Standard 100)</li>
<li style=""text-align: left;"">Respectueux avec la durabilité environnementale</li>
</ul>
</div>
</div>
<p> </p>
<div style=""text-align: center;""> </div>",,Sweet Cupcakes Housse de couette,"Vêtements full-printing imprimés en 3D. T-shirts, sweatshirts, chaussettes, débardeur, accessoires et bien plus encore. Tous imprimés sur coton 100% avec des dessins hyperréalistes.",sweet-cupcakes-housse-de-couette
1773,Elephant Eye Housse de couette,"<div style=""text-align: center;"">
<p style=""text-align: left;"">Nos vêtements ne rétrécissent pas et les coleurs disparaissent jamais. Nous utilisons des colorants naturels complètement exempt de substances nocives (Oeko-Tex Standard 100 - certification). Chaque vêtement est fait en vertu d'un processus manuel teinté avec des colorants à base d'eau et amicales avec l'environnement . Notre système d'impression est un processus unique qui permet d'imprimer directement sur les fibres des produits afin d'assurer réalisme et durabilité dans les couleurs . Merci à cela, nos vêtements peut être repassé sans perdre les propriétés.</p>
<div style=""text-align: left;""> </div>
<div style=""text-align: left;""> </div>
<br />
<div style=""text-align: left;""><strong>Caractéristiques:</strong></div>
<div style=""text-align: left;""> </div>
<br />
<div>
<ul>
<li style=""text-align: left;"">100% coton premium</li>
<li style=""text-align: left;"">Pré - lavé, toujours garde les propriétés</li>
<li style=""text-align: left;"">Couleurs et Dessins, réalistes</li>
<li style=""text-align: left;"">Colorants à base d'eau</li>
<li style=""text-align: left;"">Libre de substances nocives (Certificación Oeko-Tex Standard 100)</li>
<li style=""text-align: left;"">Respectueux avec la durabilité environnementale</li>
</ul>
</div>
</div>
<p> </p>
<div style=""text-align: center;""> </div>",,Elephant Eye Housse de couette,"Vêtements full-printing imprimés en 3D. T-shirts, sweatshirts, chaussettes, débardeur, accessoires et bien plus encore. Tous imprimés sur coton 100% avec des dessins hyperréalistes.",elephant-eye-housse-de-couette
1774,Silly Puppy Housse de couette,"<div style=""text-align: center;"">
<p style=""text-align: left;"">Nos vêtements ne rétrécissent pas et les coleurs disparaissent jamais. Nous utilisons des colorants naturels complètement exempt de substances nocives (Oeko-Tex Standard 100 - certification). Chaque vêtement est fait en vertu d'un processus manuel teinté avec des colorants à base d'eau et amicales avec l'environnement . Notre système d'impression est un processus unique qui permet d'imprimer directement sur les fibres des produits afin d'assurer réalisme et durabilité dans les couleurs . Merci à cela, nos vêtements peut être repassé sans perdre les propriétés.</p>
<div style=""text-align: left;""> </div>
<div style=""text-align: left;""> </div>
<br />
<div style=""text-align: left;""><strong>Caractéristiques:</strong></div>
<div style=""text-align: left;""> </div>
<br />
<div>
<ul>
<li style=""text-align: left;"">100% coton premium</li>
<li style=""text-align: left;"">Pré - lavé, toujours garde les propriétés</li>
<li style=""text-align: left;"">Couleurs et Dessins, réalistes</li>
<li style=""text-align: left;"">Colorants à base d'eau</li>
<li style=""text-align: left;"">Libre de substances nocives (Certificación Oeko-Tex Standard 100)</li>
<li style=""text-align: left;"">Respectueux avec la durabilité environnementale</li>
</ul>
</div>
</div>
<p> </p>
<div style=""text-align: center;""> </div>",,Silly Puppy Housse de couette,"Vêtements full-printing imprimés en 3D. T-shirts, sweatshirts, chaussettes, débardeur, accessoires et bien plus encore. Tous imprimés sur coton 100% avec des dessins hyperréalistes.",silly-puppy-housse-de-couette
1775,Dream Town Housse de couette,"<div style=""text-align: center;"">
<p style=""text-align: left;"">Nos vêtements ne rétrécissent pas et les coleurs disparaissent jamais. Nous utilisons des colorants naturels complètement exempt de substances nocives (Oeko-Tex Standard 100 - certification). Chaque vêtement est fait en vertu d'un processus manuel teinté avec des colorants à base d'eau et amicales avec l'environnement . Notre système d'impression est un processus unique qui permet d'imprimer directement sur les fibres des produits afin d'assurer réalisme et durabilité dans les couleurs . Merci à cela, nos vêtements peut être repassé sans perdre les propriétés.</p>
<div style=""text-align: left;""> </div>
<div style=""text-align: left;""> </div>
<br />
<div style=""text-align: left;""><strong>Caractéristiques:</strong></div>
<div style=""text-align: left;""> </div>
<br />
<div>
<ul>
<li style=""text-align: left;"">100% coton premium</li>
<li style=""text-align: left;"">Pré - lavé, toujours garde les propriétés</li>
<li style=""text-align: left;"">Couleurs et Dessins, réalistes</li>
<li style=""text-align: left;"">Colorants à base d'eau</li>
<li style=""text-align: left;"">Libre de substances nocives (Certificación Oeko-Tex Standard 100)</li>
<li style=""text-align: left;"">Respectueux avec la durabilité environnementale</li>
</ul>
</div>
</div>
<p> </p>
<div style=""text-align: center;""> </div>",,Dream Town Housse de couette,"Vêtements full-printing imprimés en 3D. T-shirts, sweatshirts, chaussettes, débardeur, accessoires et bien plus encore. Tous imprimés sur coton 100% avec des dessins hyperréalistes.",dream-town-housse-de-couette
1776,Black Panter Texture Housse de couette,"<div style=""text-align: center;"">
<p style=""text-align: left;"">Nos vêtements ne rétrécissent pas et les coleurs disparaissent jamais. Nous utilisons des colorants naturels complètement exempt de substances nocives (Oeko-Tex Standard 100 - certification). Chaque vêtement est fait en vertu d'un processus manuel teinté avec des colorants à base d'eau et amicales avec l'environnement . Notre système d'impression est un processus unique qui permet d'imprimer directement sur les fibres des produits afin d'assurer réalisme et durabilité dans les couleurs . Merci à cela, nos vêtements peut être repassé sans perdre les propriétés.</p>
<div style=""text-align: left;""> </div>
<div style=""text-align: left;""> </div>
<br />
<div style=""text-align: left;""><strong>Caractéristiques:</strong></div>
<div style=""text-align: left;""> </div>
<br />
<div>
<ul>
<li style=""text-align: left;"">100% coton premium</li>
<li style=""text-align: left;"">Pré - lavé, toujours garde les propriétés</li>
<li style=""text-align: left;"">Couleurs et Dessins, réalistes</li>
<li style=""text-align: left;"">Colorants à base d'eau</li>
<li style=""text-align: left;"">Libre de substances nocives (Certificación Oeko-Tex Standard 100)</li>
<li style=""text-align: left;"">Respectueux avec la durabilité environnementale</li>
</ul>
</div>
</div>
<p> </p>
<div style=""text-align: center;""> </div>",,Black Panter Texture Housse de couette,"Vêtements full-printing imprimés en 3D. T-shirts, sweatshirts, chaussettes, débardeur, accessoires et bien plus encore. Tous imprimés sur coton 100% avec des dessins hyperréalistes.",black-panter-texture-housse-de-couette
1777,Blue Marine Housse de couette,"<div style=""text-align: center;"">
<p style=""text-align: left;"">Nos vêtements ne rétrécissent pas et les coleurs disparaissent jamais. Nous utilisons des colorants naturels complètement exempt de substances nocives (Oeko-Tex Standard 100 - certification). Chaque vêtement est fait en vertu d'un processus manuel teinté avec des colorants à base d'eau et amicales avec l'environnement . Notre système d'impression est un processus unique qui permet d'imprimer directement sur les fibres des produits afin d'assurer réalisme et durabilité dans les couleurs . Merci à cela, nos vêtements peut être repassé sans perdre les propriétés.</p>
<div style=""text-align: left;""> </div>
<div style=""text-align: left;""> </div>
<br />
<div style=""text-align: left;""><strong>Caractéristiques:</strong></div>
<div style=""text-align: left;""> </div>
<br />
<div>
<ul>
<li style=""text-align: left;"">100% coton premium</li>
<li style=""text-align: left;"">Pré - lavé, toujours garde les propriétés</li>
<li style=""text-align: left;"">Couleurs et Dessins, réalistes</li>
<li style=""text-align: left;"">Colorants à base d'eau</li>
<li style=""text-align: left;"">Libre de substances nocives (Certificación Oeko-Tex Standard 100)</li>
<li style=""text-align: left;"">Respectueux avec la durabilité environnementale</li>
</ul>
</div>
</div>
<p> </p>
<div style=""text-align: center;""> </div>",,Blue Marine Housse de couette,"Vêtements full-printing imprimés en 3D. T-shirts, sweatshirts, chaussettes, débardeur, accessoires et bien plus encore. Tous imprimés sur coton 100% avec des dessins hyperréalistes.",blue-marine-housse-de-couette
1778,80s Flow Housse de couette,"<div style=""text-align: center;"">
<p style=""text-align: left;"">Nos vêtements ne rétrécissent pas et les coleurs disparaissent jamais. Nous utilisons des colorants naturels complètement exempt de substances nocives (Oeko-Tex Standard 100 - certification). Chaque vêtement est fait en vertu d'un processus manuel teinté avec des colorants à base d'eau et amicales avec l'environnement . Notre système d'impression est un processus unique qui permet d'imprimer directement sur les fibres des produits afin d'assurer réalisme et durabilité dans les couleurs . Merci à cela, nos vêtements peut être repassé sans perdre les propriétés.</p>
<div style=""text-align: left;""> </div>
<div style=""text-align: left;""> </div>
<br />
<div style=""text-align: left;""><strong>Caractéristiques:</strong></div>
<div style=""text-align: left;""> </div>
<br />
<div>
<ul>
<li style=""text-align: left;"">100% coton premium</li>
<li style=""text-align: left;"">Pré - lavé, toujours garde les propriétés</li>
<li style=""text-align: left;"">Couleurs et Dessins, réalistes</li>
<li style=""text-align: left;"">Colorants à base d'eau</li>
<li style=""text-align: left;"">Libre de substances nocives (Certificación Oeko-Tex Standard 100)</li>
<li style=""text-align: left;"">Respectueux avec la durabilité environnementale</li>
</ul>
</div>
</div>
<p> </p>
<div style=""text-align: center;""> </div>",,80s Flow Housse de couette,"Vêtements full-printing imprimés en 3D. T-shirts, sweatshirts, chaussettes, débardeur, accessoires et bien plus encore. Tous imprimés sur coton 100% avec des dessins hyperréalistes.",80s-flow-housse-de-couette
1779,Sky Paint Housse de couette,"<div style=""text-align: center;"">
<p style=""text-align: left;"">Nos vêtements ne rétrécissent pas et les coleurs disparaissent jamais. Nous utilisons des colorants naturels complètement exempt de substances nocives (Oeko-Tex Standard 100 - certification). Chaque vêtement est fait en vertu d'un processus manuel teinté avec des colorants à base d'eau et amicales avec l'environnement . Notre système d'impression est un processus unique qui permet d'imprimer directement sur les fibres des produits afin d'assurer réalisme et durabilité dans les couleurs . Merci à cela, nos vêtements peut être repassé sans perdre les propriétés.</p>
<div style=""text-align: left;""> </div>
<div style=""text-align: left;""> </div>
<br />
<div style=""text-align: left;""><strong>Caractéristiques:</strong></div>
<div style=""text-align: left;""> </div>
<br />
<div>
<ul>
<li style=""text-align: left;"">100% coton premium</li>
<li style=""text-align: left;"">Pré - lavé, toujours garde les propriétés</li>
<li style=""text-align: left;"">Couleurs et Dessins, réalistes</li>
<li style=""text-align: left;"">Colorants à base d'eau</li>
<li style=""text-align: left;"">Libre de substances nocives (Certificación Oeko-Tex Standard 100)</li>
<li style=""text-align: left;"">Respectueux avec la durabilité environnementale</li>
</ul>
</div>
</div>
<p> </p>
<div style=""text-align: center;""> </div>",,Sky Paint Housse de couette,"Vêtements full-printing imprimés en 3D. T-shirts, sweatshirts, chaussettes, débardeur, accessoires et bien plus encore. Tous imprimés sur coton 100% avec des dessins hyperréalistes.",sky-paint-housse-de-couette
1780,Geometrical Fox Housse de couette,"<div style=""text-align: center;"">
<p style=""text-align: left;"">Nos vêtements ne rétrécissent pas et les coleurs disparaissent jamais. Nous utilisons des colorants naturels complètement exempt de substances nocives (Oeko-Tex Standard 100 - certification). Chaque vêtement est fait en vertu d'un processus manuel teinté avec des colorants à base d'eau et amicales avec l'environnement . Notre système d'impression est un processus unique qui permet d'imprimer directement sur les fibres des produits afin d'assurer réalisme et durabilité dans les couleurs . Merci à cela, nos vêtements peut être repassé sans perdre les propriétés.</p>
<div style=""text-align: left;""> </div>
<div style=""text-align: left;""> </div>
<br />
<div style=""text-align: left;""><strong>Caractéristiques:</strong></div>
<div style=""text-align: left;""> </div>
<br />
<div>
<ul>
<li style=""text-align: left;"">100% coton premium</li>
<li style=""text-align: left;"">Pré - lavé, toujours garde les propriétés</li>
<li style=""text-align: left;"">Couleurs et Dessins, réalistes</li>
<li style=""text-align: left;"">Colorants à base d'eau</li>
<li style=""text-align: left;"">Libre de substances nocives (Certificación Oeko-Tex Standard 100)</li>
<li style=""text-align: left;"">Respectueux avec la durabilité environnementale</li>
</ul>
</div>
</div>
<p> </p>
<div style=""text-align: center;""> </div>",,Geometrical Fox Housse de couette,"Vêtements full-printing imprimés en 3D. T-shirts, sweatshirts, chaussettes, débardeur, accessoires et bien plus encore. Tous imprimés sur coton 100% avec des dessins hyperréalistes.",geometrical-fox-housse-de-couette
1781,Sweet Grapes Housse de couette,"<div style=""text-align: center;"">
<p style=""text-align: left;"">Nos vêtements ne rétrécissent pas et les coleurs disparaissent jamais. Nous utilisons des colorants naturels complètement exempt de substances nocives (Oeko-Tex Standard 100 - certification). Chaque vêtement est fait en vertu d'un processus manuel teinté avec des colorants à base d'eau et amicales avec l'environnement . Notre système d'impression est un processus unique qui permet d'imprimer directement sur les fibres des produits afin d'assurer réalisme et durabilité dans les couleurs . Merci à cela, nos vêtements peut être repassé sans perdre les propriétés.</p>
<div style=""text-align: left;""> </div>
<div style=""text-align: left;""> </div>
<br />
<div style=""text-align: left;""><strong>Caractéristiques:</strong></div>
<div style=""text-align: left;""> </div>
<br />
<div>
<ul>
<li style=""text-align: left;"">100% coton premium</li>
<li style=""text-align: left;"">Pré - lavé, toujours garde les propriétés</li>
<li style=""text-align: left;"">Couleurs et Dessins, réalistes</li>
<li style=""text-align: left;"">Colorants à base d'eau</li>
<li style=""text-align: left;"">Libre de substances nocives (Certificación Oeko-Tex Standard 100)</li>
<li style=""text-align: left;"">Respectueux avec la durabilité environnementale</li>
</ul>
</div>
</div>
<p> </p>
<div style=""text-align: center;""> </div>",,Sweet Grapes Housse de couette,"Vêtements full-printing imprimés en 3D. T-shirts, sweatshirts, chaussettes, débardeur, accessoires et bien plus encore. Tous imprimés sur coton 100% avec des dessins hyperréalistes.",sweet-grapes-housse-de-couette
1782,Beach Paradise Housse de couette,"<div style=""text-align: center;"">
<p style=""text-align: left;"">Nos vêtements ne rétrécissent pas et les coleurs disparaissent jamais. Nous utilisons des colorants naturels complètement exempt de substances nocives (Oeko-Tex Standard 100 - certification). Chaque vêtement est fait en vertu d'un processus manuel teinté avec des colorants à base d'eau et amicales avec l'environnement . Notre système d'impression est un processus unique qui permet d'imprimer directement sur les fibres des produits afin d'assurer réalisme et durabilité dans les couleurs . Merci à cela, nos vêtements peut être repassé sans perdre les propriétés.</p>
<div style=""text-align: left;""> </div>
<div style=""text-align: left;""> </div>
<br />
<div style=""text-align: left;""><strong>Caractéristiques:</strong></div>
<div style=""text-align: left;""> </div>
<br />
<div>
<ul>
<li style=""text-align: left;"">100% coton premium</li>
<li style=""text-align: left;"">Pré - lavé, toujours garde les propriétés</li>
<li style=""text-align: left;"">Couleurs et Dessins, réalistes</li>
<li style=""text-align: left;"">Colorants à base d'eau</li>
<li style=""text-align: left;"">Libre de substances nocives (Certificación Oeko-Tex Standard 100)</li>
<li style=""text-align: left;"">Respectueux avec la durabilité environnementale</li>
</ul>
</div>
</div>
<p> </p>
<div style=""text-align: center;""> </div>",,Beach Paradise Housse de couette,"Vêtements full-printing imprimés en 3D. T-shirts, sweatshirts, chaussettes, débardeur, accessoires et bien plus encore. Tous imprimés sur coton 100% avec des dessins hyperréalistes.",beach-paradise-housse-de-couette
1783,Italian Dashboard Housse de couette,"<div style=""text-align: center;"">
<p style=""text-align: left;"">Nos vêtements ne rétrécissent pas et les coleurs disparaissent jamais. Nous utilisons des colorants naturels complètement exempt de substances nocives (Oeko-Tex Standard 100 - certification). Chaque vêtement est fait en vertu d'un processus manuel teinté avec des colorants à base d'eau et amicales avec l'environnement . Notre système d'impression est un processus unique qui permet d'imprimer directement sur les fibres des produits afin d'assurer réalisme et durabilité dans les couleurs . Merci à cela, nos vêtements peut être repassé sans perdre les propriétés.</p>
<div style=""text-align: left;""> </div>
<div style=""text-align: left;""> </div>
<br />
<div style=""text-align: left;""><strong>Caractéristiques:</strong></div>
<div style=""text-align: left;""> </div>
<br />
<div>
<ul>
<li style=""text-align: left;"">100% coton premium</li>
<li style=""text-align: left;"">Pré - lavé, toujours garde les propriétés</li>
<li style=""text-align: left;"">Couleurs et Dessins, réalistes</li>
<li style=""text-align: left;"">Colorants à base d'eau</li>
<li style=""text-align: left;"">Libre de substances nocives (Certificación Oeko-Tex Standard 100)</li>
<li style=""text-align: left;"">Respectueux avec la durabilité environnementale</li>
</ul>
</div>
</div>
<p> </p>
<div style=""text-align: center;""> </div>",,Italian Dashboard Housse de couette,"Vêtements full-printing imprimés en 3D. T-shirts, sweatshirts, chaussettes, débardeur, accessoires et bien plus encore. Tous imprimés sur coton 100% avec des dessins hyperréalistes.",italian-dashboard-housse-de-couette
1784,Pasta Toons Housse de couette,"<div style=""text-align: center;"">
<p style=""text-align: left;"">Nos vêtements ne rétrécissent pas et les coleurs disparaissent jamais. Nous utilisons des colorants naturels complètement exempt de substances nocives (Oeko-Tex Standard 100 - certification). Chaque vêtement est fait en vertu d'un processus manuel teinté avec des colorants à base d'eau et amicales avec l'environnement . Notre système d'impression est un processus unique qui permet d'imprimer directement sur les fibres des produits afin d'assurer réalisme et durabilité dans les couleurs . Merci à cela, nos vêtements peut être repassé sans perdre les propriétés.</p>
<div style=""text-align: left;""> </div>
<div style=""text-align: left;""> </div>
<br />
<div style=""text-align: left;""><strong>Caractéristiques:</strong></div>
<div style=""text-align: left;""> </div>
<br />
<div>
<ul>
<li style=""text-align: left;"">100% coton premium</li>
<li style=""text-align: left;"">Pré - lavé, toujours garde les propriétés</li>
<li style=""text-align: left;"">Couleurs et Dessins, réalistes</li>
<li style=""text-align: left;"">Colorants à base d'eau</li>
<li style=""text-align: left;"">Libre de substances nocives (Certificación Oeko-Tex Standard 100)</li>
<li style=""text-align: left;"">Respectueux avec la durabilité environnementale</li>
</ul>
</div>
</div>
<p> </p>
<div style=""text-align: center;""> </div>",,Pasta Toons Housse de couette,"Vêtements full-printing imprimés en 3D. T-shirts, sweatshirts, chaussettes, débardeur, accessoires et bien plus encore. Tous imprimés sur coton 100% avec des dessins hyperréalistes.",pasta-toons-housse-de-couette
1785,Florida Mood Housse de couette,"<div style=""text-align: center;"">
<p style=""text-align: left;"">Nos vêtements ne rétrécissent pas et les coleurs disparaissent jamais. Nous utilisons des colorants naturels complètement exempt de substances nocives (Oeko-Tex Standard 100 - certification). Chaque vêtement est fait en vertu d'un processus manuel teinté avec des colorants à base d'eau et amicales avec l'environnement . Notre système d'impression est un processus unique qui permet d'imprimer directement sur les fibres des produits afin d'assurer réalisme et durabilité dans les couleurs . Merci à cela, nos vêtements peut être repassé sans perdre les propriétés.</p>
<div style=""text-align: left;""> </div>
<div style=""text-align: left;""> </div>
<br />
<div style=""text-align: left;""><strong>Caractéristiques:</strong></div>
<div style=""text-align: left;""> </div>
<br />
<div>
<ul>
<li style=""text-align: left;"">100% coton premium</li>
<li style=""text-align: left;"">Pré - lavé, toujours garde les propriétés</li>
<li style=""text-align: left;"">Couleurs et Dessins, réalistes</li>
<li style=""text-align: left;"">Colorants à base d'eau</li>
<li style=""text-align: left;"">Libre de substances nocives (Certificación Oeko-Tex Standard 100)</li>
<li style=""text-align: left;"">Respectueux avec la durabilité environnementale</li>
</ul>
</div>
</div>
<p> </p>
<div style=""text-align: center;""> </div>",,Florida Mood Housse de couette,"Vêtements full-printing imprimés en 3D. T-shirts, sweatshirts, chaussettes, débardeur, accessoires et bien plus encore. Tous imprimés sur coton 100% avec des dessins hyperréalistes.",florida-mood-housse-de-couette
1786,Silly Pony Housse de couette,"<div style=""text-align: center;"">
<p style=""text-align: left;"">Nos vêtements ne rétrécissent pas et les coleurs disparaissent jamais. Nous utilisons des colorants naturels complètement exempt de substances nocives (Oeko-Tex Standard 100 - certification). Chaque vêtement est fait en vertu d'un processus manuel teinté avec des colorants à base d'eau et amicales avec l'environnement . Notre système d'impression est un processus unique qui permet d'imprimer directement sur les fibres des produits afin d'assurer réalisme et durabilité dans les couleurs . Merci à cela, nos vêtements peut être repassé sans perdre les propriétés.</p>
<div style=""text-align: left;""> </div>
<div style=""text-align: left;""> </div>
<br />
<div style=""text-align: left;""><strong>Caractéristiques:</strong></div>
<div style=""text-align: left;""> </div>
<br />
<div>
<ul>
<li style=""text-align: left;"">100% coton premium</li>
<li style=""text-align: left;"">Pré - lavé, toujours garde les propriétés</li>
<li style=""text-align: left;"">Couleurs et Dessins, réalistes</li>
<li style=""text-align: left;"">Colorants à base d'eau</li>
<li style=""text-align: left;"">Libre de substances nocives (Certificación Oeko-Tex Standard 100)</li>
<li style=""text-align: left;"">Respectueux avec la durabilité environnementale</li>
</ul>
</div>
</div>
<p> </p>
<div style=""text-align: center;""> </div>",,Silly Pony Housse de couette,"Vêtements full-printing imprimés en 3D. T-shirts, sweatshirts, chaussettes, débardeur, accessoires et bien plus encore. Tous imprimés sur coton 100% avec des dessins hyperréalistes.",silly-pony-housse-de-couette
1787,Fall Tree Housse de couette,"<div style=""text-align: center;"">
<p style=""text-align: left;"">Nos vêtements ne rétrécissent pas et les coleurs disparaissent jamais. Nous utilisons des colorants naturels complètement exempt de substances nocives (Oeko-Tex Standard 100 - certification). Chaque vêtement est fait en vertu d'un processus manuel teinté avec des colorants à base d'eau et amicales avec l'environnement . Notre système d'impression est un processus unique qui permet d'imprimer directement sur les fibres des produits afin d'assurer réalisme et durabilité dans les couleurs . Merci à cela, nos vêtements peut être repassé sans perdre les propriétés.</p>
<div style=""text-align: left;""> </div>
<div style=""text-align: left;""> </div>
<br />
<div style=""text-align: left;""><strong>Caractéristiques:</strong></div>
<div style=""text-align: left;""> </div>
<br />
<div>
<ul>
<li style=""text-align: left;"">100% coton premium</li>
<li style=""text-align: left;"">Pré - lavé, toujours garde les propriétés</li>
<li style=""text-align: left;"">Couleurs et Dessins, réalistes</li>
<li style=""text-align: left;"">Colorants à base d'eau</li>
<li style=""text-align: left;"">Libre de substances nocives (Certificación Oeko-Tex Standard 100)</li>
<li style=""text-align: left;"">Respectueux avec la durabilité environnementale</li>
</ul>
</div>
</div>
<p> </p>
<div style=""text-align: center;""> </div>",,Fall Tree Housse de couette,"Vêtements full-printing imprimés en 3D. T-shirts, sweatshirts, chaussettes, débardeur, accessoires et bien plus encore. Tous imprimés sur coton 100% avec des dessins hyperréalistes.",fall-tree-housse-de-couette
1788,Abstract Fast Food Housse de couette,"<div style=""text-align: center;"">
<p style=""text-align: left;"">Nos vêtements ne rétrécissent pas et les coleurs disparaissent jamais. Nous utilisons des colorants naturels complètement exempt de substances nocives (Oeko-Tex Standard 100 - certification). Chaque vêtement est fait en vertu d'un processus manuel teinté avec des colorants à base d'eau et amicales avec l'environnement . Notre système d'impression est un processus unique qui permet d'imprimer directement sur les fibres des produits afin d'assurer réalisme et durabilité dans les couleurs . Merci à cela, nos vêtements peut être repassé sans perdre les propriétés.</p>
<div style=""text-align: left;""> </div>
<div style=""text-align: left;""> </div>
<br />
<div style=""text-align: left;""><strong>Caractéristiques:</strong></div>
<div style=""text-align: left;""> </div>
<br />
<div>
<ul>
<li style=""text-align: left;"">100% coton premium</li>
<li style=""text-align: left;"">Pré - lavé, toujours garde les propriétés</li>
<li style=""text-align: left;"">Couleurs et Dessins, réalistes</li>
<li style=""text-align: left;"">Colorants à base d'eau</li>
<li style=""text-align: left;"">Libre de substances nocives (Certificación Oeko-Tex Standard 100)</li>
<li style=""text-align: left;"">Respectueux avec la durabilité environnementale</li>
</ul>
</div>
</div>
<p> </p>
<div style=""text-align: center;""> </div>",,Abstract Fast Food Housse de couette,"Vêtements full-printing imprimés en 3D. T-shirts, sweatshirts, chaussettes, débardeur, accessoires et bien plus encore. Tous imprimés sur coton 100% avec des dessins hyperréalistes.",abstract-fast-food-housse-de-couette
1789,Dinosaurs Housse de couette,"<div style=""text-align: center;"">
<p style=""text-align: left;"">Nos vêtements ne rétrécissent pas et les coleurs disparaissent jamais. Nous utilisons des colorants naturels complètement exempt de substances nocives (Oeko-Tex Standard 100 - certification). Chaque vêtement est fait en vertu d'un processus manuel teinté avec des colorants à base d'eau et amicales avec l'environnement . Notre système d'impression est un processus unique qui permet d'imprimer directement sur les fibres des produits afin d'assurer réalisme et durabilité dans les couleurs . Merci à cela, nos vêtements peut être repassé sans perdre les propriétés.</p>
<div style=""text-align: left;""> </div>
<div style=""text-align: left;""> </div>
<br />
<div style=""text-align: left;""><strong>Caractéristiques:</strong></div>
<div style=""text-align: left;""> </div>
<br />
<div>
<ul>
<li style=""text-align: left;"">100% coton premium</li>
<li style=""text-align: left;"">Pré - lavé, toujours garde les propriétés</li>
<li style=""text-align: left;"">Couleurs et Dessins, réalistes</li>
<li style=""text-align: left;"">Colorants à base d'eau</li>
<li style=""text-align: left;"">Libre de substances nocives (Certificación Oeko-Tex Standard 100)</li>
<li style=""text-align: left;"">Respectueux avec la durabilité environnementale</li>
</ul>
</div>
</div>
<p> </p>
<div style=""text-align: center;""> </div>",,Dinosaurs Housse de couette,"Vêtements full-printing imprimés en 3D. T-shirts, sweatshirts, chaussettes, débardeur, accessoires et bien plus encore. Tous imprimés sur coton 100% avec des dessins hyperréalistes.",dinosaurs-housse-de-couette
1790,Fire Ball Housse de couette,"<div style=""text-align: center;"">
<p style=""text-align: left;"">Nos vêtements ne rétrécissent pas et les coleurs disparaissent jamais. Nous utilisons des colorants naturels complètement exempt de substances nocives (Oeko-Tex Standard 100 - certification). Chaque vêtement est fait en vertu d'un processus manuel teinté avec des colorants à base d'eau et amicales avec l'environnement . Notre système d'impression est un processus unique qui permet d'imprimer directement sur les fibres des produits afin d'assurer réalisme et durabilité dans les couleurs . Merci à cela, nos vêtements peut être repassé sans perdre les propriétés.</p>
<div style=""text-align: left;""> </div>
<div style=""text-align: left;""> </div>
<br />
<div style=""text-align: left;""><strong>Caractéristiques:</strong></div>
<div style=""text-align: left;""> </div>
<br />
<div>
<ul>
<li style=""text-align: left;"">100% coton premium</li>
<li style=""text-align: left;"">Pré - lavé, toujours garde les propriétés</li>
<li style=""text-align: left;"">Couleurs et Dessins, réalistes</li>
<li style=""text-align: left;"">Colorants à base d'eau</li>
<li style=""text-align: left;"">Libre de substances nocives (Certificación Oeko-Tex Standard 100)</li>
<li style=""text-align: left;"">Respectueux avec la durabilité environnementale</li>
</ul>
</div>
</div>
<p> </p>
<div style=""text-align: center;""> </div>",,Fire Ball Housse de couette,"Vêtements full-printing imprimés en 3D. T-shirts, sweatshirts, chaussettes, débardeur, accessoires et bien plus encore. Tous imprimés sur coton 100% avec des dessins hyperréalistes.",fire-ball-housse-de-couette
1791,Vintage Fishes Housse de couette,"<div style=""text-align: center;"">
<p style=""text-align: left;"">Nos vêtements ne rétrécissent pas et les coleurs disparaissent jamais. Nous utilisons des colorants naturels complètement exempt de substances nocives (Oeko-Tex Standard 100 - certification). Chaque vêtement est fait en vertu d'un processus manuel teinté avec des colorants à base d'eau et amicales avec l'environnement . Notre système d'impression est un processus unique qui permet d'imprimer directement sur les fibres des produits afin d'assurer réalisme et durabilité dans les couleurs . Merci à cela, nos vêtements peut être repassé sans perdre les propriétés.</p>
<div style=""text-align: left;""> </div>
<div style=""text-align: left;""> </div>
<br />
<div style=""text-align: left;""><strong>Caractéristiques:</strong></div>
<div style=""text-align: left;""> </div>
<br />
<div>
<ul>
<li style=""text-align: left;"">100% coton premium</li>
<li style=""text-align: left;"">Pré - lavé, toujours garde les propriétés</li>
<li style=""text-align: left;"">Couleurs et Dessins, réalistes</li>
<li style=""text-align: left;"">Colorants à base d'eau</li>
<li style=""text-align: left;"">Libre de substances nocives (Certificación Oeko-Tex Standard 100)</li>
<li style=""text-align: left;"">Respectueux avec la durabilité environnementale</li>
</ul>
</div>
</div>
<p> </p>
<div style=""text-align: center;""> </div>",,Vintage Fishes Housse de couette,"Vêtements full-printing imprimés en 3D. T-shirts, sweatshirts, chaussettes, débardeur, accessoires et bien plus encore. Tous imprimés sur coton 100% avec des dessins hyperréalistes.",vintage-fishes-housse-de-couette
1792,Cat Hunter Housse de couette,"<div style=""text-align: center;"">
<p style=""text-align: left;"">Nos vêtements ne rétrécissent pas et les coleurs disparaissent jamais. Nous utilisons des colorants naturels complètement exempt de substances nocives (Oeko-Tex Standard 100 - certification). Chaque vêtement est fait en vertu d'un processus manuel teinté avec des colorants à base d'eau et amicales avec l'environnement . Notre système d'impression est un processus unique qui permet d'imprimer directement sur les fibres des produits afin d'assurer réalisme et durabilité dans les couleurs . Merci à cela, nos vêtements peut être repassé sans perdre les propriétés.</p>
<div style=""text-align: left;""> </div>
<div style=""text-align: left;""> </div>
<br />
<div style=""text-align: left;""><strong>Caractéristiques:</strong></div>
<div style=""text-align: left;""> </div>
<br />
<div>
<ul>
<li style=""text-align: left;"">100% coton premium</li>
<li style=""text-align: left;"">Pré - lavé, toujours garde les propriétés</li>
<li style=""text-align: left;"">Couleurs et Dessins, réalistes</li>
<li style=""text-align: left;"">Colorants à base d'eau</li>
<li style=""text-align: left;"">Libre de substances nocives (Certificación Oeko-Tex Standard 100)</li>
<li style=""text-align: left;"">Respectueux avec la durabilité environnementale</li>
</ul>
</div>
</div>
<p> </p>
<div style=""text-align: center;""> </div>",,Cat Hunter Housse de couette,"Vêtements full-printing imprimés en 3D. T-shirts, sweatshirts, chaussettes, débardeur, accessoires et bien plus encore. Tous imprimés sur coton 100% avec des dessins hyperréalistes.",cat-hunter-housse-de-couette
1793,Colorado Fishes Housse de couette,"<div style=""text-align: center;"">
<p style=""text-align: left;"">Nos vêtements ne rétrécissent pas et les coleurs disparaissent jamais. Nous utilisons des colorants naturels complètement exempt de substances nocives (Oeko-Tex Standard 100 - certification). Chaque vêtement est fait en vertu d'un processus manuel teinté avec des colorants à base d'eau et amicales avec l'environnement . Notre système d'impression est un processus unique qui permet d'imprimer directement sur les fibres des produits afin d'assurer réalisme et durabilité dans les couleurs . Merci à cela, nos vêtements peut être repassé sans perdre les propriétés.</p>
<div style=""text-align: left;""> </div>
<div style=""text-align: left;""> </div>
<br />
<div style=""text-align: left;""><strong>Caractéristiques:</strong></div>
<div style=""text-align: left;""> </div>
<br />
<div>
<ul>
<li style=""text-align: left;"">100% coton premium</li>
<li style=""text-align: left;"">Pré - lavé, toujours garde les propriétés</li>
<li style=""text-align: left;"">Couleurs et Dessins, réalistes</li>
<li style=""text-align: left;"">Colorants à base d'eau</li>
<li style=""text-align: left;"">Libre de substances nocives (Certificación Oeko-Tex Standard 100)</li>
<li style=""text-align: left;"">Respectueux avec la durabilité environnementale</li>
</ul>
</div>
</div>
<p> </p>
<div style=""text-align: center;""> </div>",,Colorado Fishes Housse de couette,"Vêtements full-printing imprimés en 3D. T-shirts, sweatshirts, chaussettes, débardeur, accessoires et bien plus encore. Tous imprimés sur coton 100% avec des dessins hyperréalistes.",colorado-fishes-housse-de-couette
1794,Sweet Donuts Housse de couette,"<div style=""text-align: center;"">
<p style=""text-align: left;"">Nos vêtements ne rétrécissent pas et les coleurs disparaissent jamais. Nous utilisons des colorants naturels complètement exempt de substances nocives (Oeko-Tex Standard 100 - certification). Chaque vêtement est fait en vertu d'un processus manuel teinté avec des colorants à base d'eau et amicales avec l'environnement . Notre système d'impression est un processus unique qui permet d'imprimer directement sur les fibres des produits afin d'assurer réalisme et durabilité dans les couleurs . Merci à cela, nos vêtements peut être repassé sans perdre les propriétés.</p>
<div style=""text-align: left;""> </div>
<div style=""text-align: left;""> </div>
<br />
<div style=""text-align: left;""><strong>Caractéristiques:</strong></div>
<div style=""text-align: left;""> </div>
<br />
<div>
<ul>
<li style=""text-align: left;"">100% coton premium</li>
<li style=""text-align: left;"">Pré - lavé, toujours garde les propriétés</li>
<li style=""text-align: left;"">Couleurs et Dessins, réalistes</li>
<li style=""text-align: left;"">Colorants à base d'eau</li>
<li style=""text-align: left;"">Libre de substances nocives (Certificación Oeko-Tex Standard 100)</li>
<li style=""text-align: left;"">Respectueux avec la durabilité environnementale</li>
</ul>
</div>
</div>
<p> </p>
<div style=""text-align: center;""> </div>",,Sweet Donuts Housse de couette,"Vêtements full-printing imprimés en 3D. T-shirts, sweatshirts, chaussettes, débardeur, accessoires et bien plus encore. Tous imprimés sur coton 100% avec des dessins hyperréalistes.",sweet-donuts-housse-de-couette